Latitude	Longitude	Altitude	Date	Time	DOP	Satelites	Cond.1 [mS/m]	Inph.1 [ppt]	Cond.2 [mS/m]	Inph.2 [ppt]	Cond.3 [mS/m]	Inph.3 [ppt]	Cond.4 [mS/m]	Inph.4 [ppt]	Cond.5 [mS/m]	Inph.5 [ppt]	Cond.6 [mS/m]	Inph.6 [ppt]	Note
3826.4761N	00146.1369W	496.2	06/19/2025	07:58:40.85	1.0	8	2.75	1.99	5.02	2.12	3.96	2.43	2.61	2.71	4.74	2.82	4.66	3.23
3826.4761N	00146.1369W	496.2	06/19/2025	07:58:41.91	1.0	8	2.83	1.99	5.11	2.12	3.99	2.44	2.60	2.72	4.70	2.83	4.71	3.23
3826.4762N	00146.1369W	496.2	06/19/2025	07:58:42.96	1.0	8	2.98	1.99	5.27	2.12	4.16	2.43	2.82	2.71	4.97	2.82	4.72	3.21
3826.4761N	00146.1368W	496.2	06/19/2025	07:58:43.86	1.0	8	2.89	1.99	5.15	2.12	4.02	2.43	2.62	2.70	4.62	2.82	4.64	3.22
3826.4761N	00146.1368W	496.2	06/19/2025	07:58:44.91	1.0	8	2.85	1.99	5.13	2.12	4.01	2.43	2.63	2.71	4.79	2.82	4.73	3.22
3826.4762N	00146.1367W	496.2	06/19/2025	07:58:45.96	1.0	8	2.73	1.99	5.02	2.12	3.89	2.43	2.47	2.70	4.48	2.79	4.57	3.18
3826.4763N	00146.1365W	496.2	06/19/2025	07:58:46.86	1.0	8	2.78	1.98	5.01	2.11	3.88	2.43	2.56	2.71	4.57	2.83	4.54	3.23
3826.4765N	00146.1361W	496.2	06/19/2025	07:58:47.91	1.0	8	2.89	1.98	5.10	2.11	3.84	2.44	2.54	2.73	4.60	2.85	4.66	3.23
3826.4767N	00146.1357W	496.1	06/19/2025	07:58:48.96	1.0	8	2.84	1.98	5.11	2.11	3.96	2.42	2.56	2.70	4.61	2.82	4.68	3.24
3826.4769N	00146.1352W	496.1	06/19/2025	07:58:49.86	1.0	8	2.76	1.99	5.03	2.11	3.93	2.42	2.68	2.70	4.72	2.82	4.62	3.22
3826.4771N	00146.1348W	496.0	06/19/2025	07:58:50.91	1.0	8	2.72	1.99	5.00	2.12	3.78	2.42	2.37	2.70	4.44	2.82	4.53	3.21
3826.4773N	00146.1343W	496.0	06/19/2025	07:58:51.96	1.0	8	2.78	1.98	5.05	2.11	3.92	2.43	2.61	2.70	4.75	2.80	4.54	3.21
3826.4775N	00146.1338W	495.9	06/19/2025	07:58:52.86	1.0	8	2.64	1.99	4.86	2.12	3.67	2.42	2.43	2.67	4.32	2.78	4.33	3.19
3826.4778N	00146.1334W	495.9	06/19/2025	07:58:53.90	1.0	8	2.45	1.99	4.69	2.12	3.70	2.42	2.60	2.67	4.62	2.77	4.38	3.18
3826.4779N	00146.1329W	495.9	06/19/2025	07:58:54.96	1.0	8	2.41	1.99	4.59	2.13	3.56	2.42	2.40	2.66	4.36	2.73	4.11	3.18
3826.4781N	00146.1324W	495.9	06/19/2025	07:58:55.86	1.0	8	2.66	1.99	4.86	2.12	3.70	2.42	2.35	2.67	4.07	2.79	3.95	3.21
3826.4784N	00146.1319W	495.8	06/19/2025	07:58:56.90	1.0	8	2.37	1.99	4.55	2.12	3.37	2.42	2.20	2.65	3.94	2.75	3.66	3.20
3826.4788N	00146.1313W	495.7	06/19/2025	07:58:57.95	1.0	8	2.34	1.99	4.45	2.12	3.20	2.42	2.03	2.65	3.69	2.74	3.37	3.17
3826.4790N	00146.1307W	495.7	06/19/2025	07:58:58.86	1.0	8	2.29	1.99	4.35	2.12	3.07	2.42	1.87	2.66	3.64	2.75	3.34	3.16
3826.4792N	00146.1301W	495.6	06/19/2025	07:58:59.90	1.0	8	2.10	1.99	4.14	2.13	2.83	2.43	1.62	2.66	3.41	2.76	3.03	3.19
3826.4793N	00146.1295W	495.6	06/19/2025	07:59:00.96	1.0	8	2.08	1.99	4.02	2.13	2.67	2.43	1.46	2.66	3.07	2.76	2.66	3.18
3826.4794N	00146.1289W	495.6	06/19/2025	07:59:01.86	1.0	8	2.06	1.99	4.04	2.13	2.71	2.42	1.48	2.66	3.34	2.75	2.94	3.20
3826.4794N	00146.1283W	495.6	06/19/2025	07:59:02.90	1.0	8	2.16	1.99	4.13	2.12	2.77	2.42	1.48	2.65	3.15	2.75	2.70	3.21
3826.4795N	00146.1277W	495.6	06/19/2025	07:59:03.96	1.0	8	2.16	1.99	4.15	2.12	2.74	2.42	1.45	2.66	3.00	2.78	2.74	3.22
3826.4797N	00146.1273W	495.6	06/19/2025	07:59:04.85	1.0	8	2.13	1.99	4.12	2.12	2.73	2.42	1.31	2.66	2.51	2.81	2.42	3.25
3826.4798N	00146.1271W	495.5	06/19/2025	07:59:05.90	1.0	8	2.41	1.99	4.68	2.12	3.99	2.42	-0.06	2.68	-2.20	2.72	1.83	3.17
3826.4798N	00146.1272W	495.5	06/19/2025	07:59:06.96	1.0	8	2.36	1.98	4.37	2.11	2.94	2.42	1.66	2.69	2.88	2.82	2.03	3.22
3826.4799N	00146.1271W	495.4	06/19/2025	07:59:07.85	1.0	8	2.47	1.98	4.44	2.11	2.96	2.43	1.50	2.70	2.74	2.79	2.48	3.16
3826.4801N	00146.1268W	495.3	06/19/2025	07:59:08.91	1.0	8	2.45	1.98	4.50	2.11	3.12	2.43	1.64	2.69	2.68	2.78	2.28	3.15
3826.4802N	00146.1264W	495.2	06/19/2025	07:59:09.95	1.0	8	2.38	1.99	4.40	2.12	2.97	2.42	1.53	2.68	3.15	2.81	2.69	3.23
3826.4803N	00146.1259W	495.0	06/19/2025	07:59:10.85	1.0	8	2.36	1.99	4.38	2.12	3.00	2.41	1.55	2.67	3.13	2.79	2.73	3.23
3826.4805N	00146.1254W	494.8	06/19/2025	07:59:11.90	1.1	8	2.47	1.98	4.56	2.11	3.08	2.42	1.70	2.69	3.35	2.82	3.01	3.22
3826.4807N	00146.1249W	494.7	06/19/2025	07:59:12.80	1.1	8	2.53	1.98	4.57	2.11	3.09	2.42	1.74	2.69	3.51	2.80	3.12	3.21
3826.4809N	00146.1243W	494.6	06/19/2025	07:59:13.86	1.1	8	2.35	1.99	4.38	2.12	3.01	2.42	1.71	2.69	3.41	2.82	3.03	3.21
3826.4812N	00146.1239W	494.6	06/19/2025	07:59:14.90	1.1	8	2.61	1.98	4.66	2.11	3.15	2.42	1.77	2.69	3.55	2.80	3.17	3.21
3826.4814N	00146.1235W	494.5	06/19/2025	07:59:15.80	1.1	8	2.52	1.98	4.57	2.11	3.15	2.42	1.79	2.69	3.64	2.80	3.28	3.24
3826.4815N	00146.1232W	494.4	06/19/2025	07:59:16.85	1.1	8	2.39	1.99	4.47	2.12	3.12	2.42	1.81	2.68	3.55	2.80	3.31	3.22
3826.4815N	00146.1229W	494.4	06/19/2025	07:59:17.90	1.1	8	2.28	1.99	4.30	2.13	3.01	2.42	1.78	2.67	3.60	2.78	3.25	3.21
3826.4814N	00146.1226W	494.3	06/19/2025	07:59:18.80	1.1	8	2.27	1.99	4.25	2.13	2.99	2.43	1.68	2.67	3.34	2.76	3.02	3.18
3826.4812N	00146.1224W	494.1	06/19/2025	07:59:19.85	1.1	8	2.63	1.99	4.56	2.14	3.12	2.43	1.74	2.68	3.40	2.79	3.06	3.22
3826.4809N	00146.1223W	493.9	06/19/2025	07:59:20.90	1.1	8	2.34	1.99	4.37	2.12	3.01	2.42	1.73	2.68	3.71	2.79	3.35	3.22
3826.4806N	00146.1222W	493.8	06/19/2025	07:59:21.80	1.1	8	2.32	1.99	4.35	2.12	3.07	2.42	1.84	2.67	3.60	2.79	3.30	3.21
3826.4804N	00146.1220W	493.8	06/19/2025	07:59:22.85	1.1	8	2.25	1.99	4.28	2.13	3.05	2.42	1.74	2.66	3.53	2.77	3.33	3.19
3826.4800N	00146.1219W	493.8	06/19/2025	07:59:23.90	1.1	8	2.26	1.99	4.28	2.12	3.02	2.41	1.75	2.66	3.57	2.78	3.34	3.18
3826.4797N	00146.1220W	493.8	06/19/2025	07:59:24.80	1.1	8	2.40	1.99	4.66	2.12	3.20	2.41	1.89	2.66	3.76	2.78	3.52	3.19
3826.4794N	00146.1221W	493.8	06/19/2025	07:59:25.85	1.1	8	2.33	1.99	4.37	2.12	3.14	2.41	1.97	2.66	3.83	2.77	3.60	3.17
3826.4792N	00146.1223W	493.8	06/19/2025	07:59:26.90	1.1	8	2.32	1.99	4.40	2.12	3.14	2.41	1.93	2.66	3.90	2.77	3.63	3.18
3826.4789N	00146.1227W	493.9	06/19/2025	07:59:27.80	1.1	8	2.55	1.99	4.78	2.12	3.29	2.41	2.07	2.67	3.90	2.78	3.56	3.18
3826.4787N	00146.1233W	493.9	06/19/2025	07:59:28.85	1.1	8	2.44	1.99	4.66	2.12	3.18	2.41	1.77	2.66	3.45	2.76	3.33	3.19
3826.4786N	00146.1238W	493.9	06/19/2025	07:59:29.90	1.1	8	2.32	1.99	4.33	2.12	3.00	2.42	1.67	2.67	3.50	2.77	3.35	3.18
3826.4784N	00146.1244W	493.9	06/19/2025	07:59:30.80	1.1	8	2.30	1.99	4.27	2.12	2.96	2.42	1.62	2.67	3.45	2.78	3.20	3.17
3826.4783N	00146.1251W	493.9	06/19/2025	07:59:31.85	1.1	8	2.28	1.99	4.30	2.12	2.91	2.41	1.51	2.66	3.30	2.77	2.93	3.17
3826.4781N	00146.1257W	493.9	06/19/2025	07:59:32.90	1.1	8	2.23	1.99	4.22	2.12	2.86	2.41	1.46	2.66	3.28	2.77	2.92	3.21
3826.4777N	00146.1261W	494.0	06/19/2025	07:59:33.80	1.1	8	2.48	1.99	4.42	2.12	2.91	2.41	1.50	2.66	3.23	2.79	2.87	3.22
3826.4774N	00146.1267W	494.0	06/19/2025	07:59:34.85	1.1	8	2.28	1.99	4.20	2.12	2.78	2.41	1.42	2.66	2.98	2.77	2.50	3.20
3826.4772N	00146.1273W	494.1	06/19/2025	07:59:35.90	1.1	8	2.24	1.99	4.22	2.12	2.81	2.41	1.37	2.66	2.99	2.77	2.67	3.19
3826.4771N	00146.1278W	494.0	06/19/2025	07:59:36.80	1.1	8	2.18	1.99	4.16	2.12	2.74	2.41	1.31	2.66	3.04	2.77	2.70	3.18
3826.4770N	00146.1284W	494.0	06/19/2025	07:59:37.85	1.1	8	2.20	1.99	4.14	2.12	2.65	2.41	1.25	2.67	2.88	2.77	2.64	3.18
3826.4770N	00146.1290W	494.0	06/19/2025	07:59:38.90	1.1	8	2.19	1.99	4.18	2.12	2.70	2.41	1.26	2.66	2.96	2.77	2.68	3.19
3826.4771N	00146.1297W	493.9	06/19/2025	07:59:39.80	1.1	8	2.25	1.98	4.22	2.12	2.72	2.41	1.32	2.68	3.04	2.79	2.76	3.19
3826.4773N	00146.1301W	493.9	06/19/2025	07:59:40.85	1.1	8	2.35	1.98	4.32	2.11	2.88	2.40	1.47	2.66	3.19	2.79	2.85	3.22
3826.4773N	00146.1305W	493.8	06/19/2025	07:59:41.90	1.1	8	2.24	1.99	4.30	2.12	2.88	2.40	1.50	2.65	3.23	2.77	2.92	3.18
3826.4773N	00146.1309W	493.8	06/19/2025	07:59:42.80	1.1	8	2.24	1.99	4.27	2.12	2.89	2.41	1.52	2.65	3.30	2.76	3.07	3.18
3826.4772N	00146.1314W	493.7	06/19/2025	07:59:43.85	1.1	8	2.18	1.99	4.23	2.13	2.86	2.41	1.55	2.65	3.41	2.76	3.19	3.16
3826.4771N	00146.1318W	493.8	06/19/2025	07:59:44.90	1.1	8	2.28	1.99	4.35	2.12	3.01	2.41	1.75	2.65	3.62	2.73	3.39	3.15
3826.4769N	00146.1323W	493.8	06/19/2025	07:59:45.80	1.1	8	2.43	1.99	4.34	2.12	3.12	2.41	1.87	2.65	3.73	2.76	3.67	3.16
3826.4767N	00146.1327W	493.8	06/19/2025	07:59:46.85	1.1	8	2.72	1.99	4.75	2.12	3.41	2.40	2.15	2.65	4.12	2.78	3.98	3.18
3826.4765N	00146.1333W	493.9	06/19/2025	07:59:47.90	1.1	8	2.66	1.99	4.73	2.12	3.44	2.41	2.27	2.65	4.22	2.75	3.99	3.16
3826.4764N	00146.1338W	493.9	06/19/2025	07:59:48.80	1.1	8	2.55	1.99	4.81	2.12	3.64	2.41	2.53	2.65	4.58	2.76	4.20	3.19
3826.4763N	00146.1344W	493.9	06/19/2025	07:59:49.85	1.1	8	2.50	1.99	4.74	2.13	3.58	2.41	2.40	2.65	4.32	2.77	4.25	3.16
3826.4761N	00146.1350W	494.0	06/19/2025	07:59:50.90	1.1	8	2.68	1.99	4.92	2.12	3.66	2.41	2.44	2.66	4.58	2.77	4.55	3.18
3826.4759N	00146.1356W	494.0	06/19/2025	07:59:51.80	1.1	8	2.53	1.99	4.78	2.12	3.59	2.41	2.42	2.66	4.50	2.78	4.49	3.19
3826.4756N	00146.1362W	494.1	06/19/2025	07:59:52.85	1.1	8	3.17	1.99	5.07	2.12	3.67	2.41	2.46	2.65	4.49	2.77	4.52	3.16
3826.4753N	00146.1367W	494.2	06/19/2025	07:59:53.90	1.1	8	2.45	1.99	4.62	2.12	3.42	2.41	2.22	2.65	4.34	2.76	4.34	3.16
3826.4750N	00146.1371W	494.3	06/19/2025	07:59:54.80	1.1	8	2.71	1.99	4.77	2.12	3.42	2.41	2.17	2.65	4.18	2.76	4.09	3.14
3826.4746N	00146.1376W	494.4	06/19/2025	07:59:55.85	1.1	8	2.46	1.99	4.67	2.12	3.49	2.40	2.36	2.64	4.29	2.77	4.34	3.17
3826.4743N	00146.1378W	494.5	06/19/2025	07:59:56.90	1.1	8	2.49	1.99	4.74	2.12	3.53	2.40	2.42	2.64	4.32	2.76	4.39	3.18
3826.4740N	00146.1377W	494.6	06/19/2025	07:59:57.80	1.1	8	2.45	1.99	4.72	2.12	3.57	2.40	2.40	2.64	4.16	2.76	4.18	3.17
3826.4738N	00146.1375W	494.8	06/19/2025	07:59:58.85	1.1	8	2.47	1.99	4.73	2.12	3.60	2.40	2.52	2.64	4.55	2.76	4.15	3.17
3826.4736N	00146.1373W	495.0	06/19/2025	07:59:59.90	1.1	8	2.40	1.99	4.62	2.12	3.41	2.40	2.30	2.65	4.09	2.79	3.83	3.20
3826.4737N	00146.1371W	495.2	06/19/2025	08:00:00.80	1.1	8	2.66	1.98	4.92	2.12	3.63	2.41	2.40	2.67	4.30	2.79	4.27	3.20
3826.4739N	00146.1368W	495.2	06/19/2025	08:00:01.85	1.1	8	2.86	1.98	5.03	2.11	3.67	2.41	2.39	2.67	4.30	2.79	4.21	3.20
3826.4741N	00146.1363W	495.3	06/19/2025	08:00:02.90	1.1	8	3.00	1.98	5.13	2.11	3.65	2.41	2.41	2.68	4.31	2.80	4.17	3.19
3826.4742N	00146.1358W	495.3	06/19/2025	08:00:03.80	1.1	8	2.75	1.98	4.93	2.11	3.57	2.41	2.31	2.67	4.26	2.80	4.09	3.21
3826.4743N	00146.1352W	495.4	06/19/2025	08:00:04.85	1.1	8	2.62	1.98	4.80	2.12	3.48	2.41	2.13	2.66	4.04	2.78	3.93	3.18
3826.4745N	00146.1347W	495.4	06/19/2025	08:00:05.90	1.1	8	2.59	1.98	4.81	2.12	3.46	2.41	2.22	2.66	3.94	2.77	3.88	3.19
3826.4748N	00146.1343W	495.6	06/19/2025	08:00:06.80	1.1	8	2.50	1.98	4.72	2.12	3.44	2.41	2.21	2.65	4.10	2.78	3.82	3.18
3826.4751N	00146.1339W	495.6	06/19/2025	08:00:07.85	1.1	8	2.59	1.98	4.84	2.12	3.53	2.42	2.31	2.66	4.13	2.77	3.76	3.15
3826.4753N	00146.1333W	495.6	06/19/2025	08:00:08.90	1.1	8	2.46	1.99	4.68	2.12	3.46	2.41	2.27	2.65	4.21	2.76	3.85	3.16
3826.4755N	00146.1328W	495.6	06/19/2025	08:00:09.80	1.1	8	2.51	1.98	4.69	2.12	3.43	2.40	2.15	2.65	3.99	2.76	3.53	3.15
3826.4757N	00146.1323W	495.7	06/19/2025	08:00:10.85	1.1	8	2.49	1.99	4.66	2.12	3.25	2.40	1.93	2.65	3.72	2.77	3.48	3.17
3826.4759N	00146.1317W	495.8	06/19/2025	08:00:11.90	1.1	8	2.31	1.99	4.42	2.12	3.05	2.41	1.79	2.65	3.50	2.75	3.29	3.14
3826.4761N	00146.1312W	495.8	06/19/2025	08:00:12.80	1.1	8	2.43	1.99	4.46	2.13	2.92	2.41	1.60	2.65	3.40	2.76	3.14	3.13
3826.4764N	00146.1306W	495.8	06/19/2025	08:00:13.85	1.1	8	2.12	1.99	4.10	2.13	2.77	2.41	1.51	2.64	3.17	2.75	2.69	3.15
3826.4767N	00146.1301W	496.0	06/19/2025	08:00:14.90	1.1	8	2.35	1.98	4.39	2.12	2.82	2.40	1.37	2.65	3.06	2.78	2.70	3.19
3826.4771N	00146.1295W	496.0	06/19/2025	08:00:15.79	1.1	8	2.36	1.98	4.36	2.12	2.79	2.41	1.38	2.67	3.20	2.81	3.04	3.20
3826.4775N	00146.1289W	496.0	06/19/2025	08:00:16.85	1.1	8	2.49	1.98	4.41	2.11	2.72	2.42	1.30	2.69	3.10	2.81	2.81	3.19
3826.4779N	00146.1282W	496.0	06/19/2025	08:00:17.90	1.1	8	2.39	1.98	4.38	2.12	2.73	2.41	1.28	2.68	3.10	2.81	2.75	3.21
3826.4781N	00146.1276W	496.0	06/19/2025	08:00:18.80	1.1	8	2.30	1.98	4.36	2.12	2.80	2.40	1.37	2.66	3.02	2.79	2.66	3.19
3826.4782N	00146.1270W	496.0	06/19/2025	08:00:19.85	1.1	8	2.32	1.98	4.39	2.12	2.89	2.40	1.41	2.65	3.03	2.79	2.61	3.21
3826.4782N	00146.1264W	496.2	06/19/2025	08:00:20.90	1.1	8	2.23	1.98	4.31	2.12	2.87	2.40	1.40	2.66	3.04	2.81	2.73	3.21
3826.4782N	00146.1258W	496.3	06/19/2025	08:00:21.80	1.1	8	2.35	1.98	4.41	2.11	2.89	2.40	1.53	2.67	3.26	2.81	2.96	3.21
3826.4785N	00146.1252W	496.3	06/19/2025	08:00:22.85	1.1	8	2.45	1.98	4.52	2.11	2.97	2.41	1.55	2.68	3.41	2.81	3.09	3.21
3826.4788N	00146.1246W	496.3	06/19/2025	08:00:23.74	1.1	8	2.43	1.98	4.52	2.11	3.03	2.41	1.62	2.67	3.47	2.79	3.21	3.19
3826.4791N	00146.1240W	496.4	06/19/2025	08:00:24.80	1.1	8	2.63	1.97	4.70	2.11	3.18	2.42	1.81	2.69	3.70	2.81	3.47	3.17
3826.4793N	00146.1234W	496.4	06/19/2025	08:00:25.85	1.1	8	2.51	1.98	4.73	2.12	3.29	2.41	1.86	2.67	3.73	2.79	3.66	3.18
3826.4795N	00146.1228W	496.4	06/19/2025	08:00:26.75	1.1	8	2.49	1.98	4.72	2.12	3.35	2.40	2.01	2.67	3.97	2.80	3.73	3.21
3826.4797N	00146.1222W	496.4	06/19/2025	08:00:27.80	1.1	8	2.55	1.98	4.81	2.11	3.51	2.40	2.18	2.67	4.15	2.80	3.83	3.19
3826.4796N	00146.1218W	496.5	06/19/2025	08:00:28.85	1.1	8	12.64	2.09	5.79	2.24	2.56	2.51	1.10	2.73	3.35	2.81	3.30	3.18
3826.4796N	00146.1216W	496.9	06/19/2025	08:00:29.75	1.1	8	2.94	1.97	4.69	2.12	3.38	2.39	1.97	2.64	3.86	2.76	3.63	3.17
3826.4795N	00146.1215W	497.1	06/19/2025	08:00:30.80	1.1	8	2.21	1.98	4.26	2.12	3.01	2.40	1.82	2.64	3.80	2.75	3.46	3.12
3826.4794N	00146.1215W	497.0	06/19/2025	08:00:31.84	1.1	8	2.25	1.98	4.41	2.12	3.17	2.39	1.97	2.64	3.91	2.75	3.68	3.16
3826.4793N	00146.1216W	497.0	06/19/2025	08:00:32.75	1.1	8	2.24	1.98	4.42	2.11	3.36	2.38	2.05	2.62	4.00	2.76	3.94	3.20
3826.4792N	00146.1217W	496.9	06/19/2025	08:00:33.80	1.1	8	2.27	1.98	4.47	2.12	3.29	2.39	1.96	2.64	4.03	2.74	3.93	3.14
3826.4789N	00146.1217W	497.1	06/19/2025	08:00:34.84	1.1	8	2.39	1.98	4.60	2.12	3.40	2.39	2.15	2.65	4.34	2.78	4.20	3.20
3826.4786N	00146.1217W	497.3	06/19/2025	08:00:35.75	1.1	8	2.46	1.98	4.58	2.12	3.46	2.40	2.14	2.65	4.33	2.77	4.42	3.19
3826.4783N	00146.1219W	497.4	06/19/2025	08:00:36.79	1.1	8	2.30	1.98	4.51	2.12	3.32	2.40	2.12	2.65	4.44	2.76	4.33	3.15
3826.4781N	00146.1222W	497.5	06/19/2025	08:00:37.84	1.1	8	2.23	1.99	4.41	2.13	3.12	2.40	1.94	2.65	4.22	2.75	4.28	3.12
3826.4780N	00146.1225W	497.6	06/19/2025	08:00:38.74	1.1	8	2.29	1.98	4.55	2.12	3.39	2.39	2.14	2.64	4.26	2.74	4.06	3.15
3826.4779N	00146.1229W	497.7	06/19/2025	08:00:39.79	1.1	8	2.42	1.98	4.67	2.12	3.45	2.39	2.22	2.64	4.18	2.78	3.80	3.19
3826.4778N	00146.1234W	497.7	06/19/2025	08:00:40.84	1.1	8	2.32	1.98	4.54	2.12	3.29	2.40	2.01	2.64	4.00	2.76	3.67	3.17
3826.4778N	00146.1239W	497.6	06/19/2025	08:00:41.74	1.1	8	2.28	1.98	4.46	2.12	3.15	2.40	1.78	2.65	3.65	2.78	3.35	3.17
3826.4778N	00146.1243W	497.6	06/19/2025	08:00:42.79	1.1	8	2.86	1.98	4.57	2.12	3.07	2.40	1.62	2.67	3.57	2.78	3.20	3.16
3826.4777N	00146.1248W	497.6	06/19/2025	08:00:43.84	1.1	8	2.23	1.99	4.38	2.13	2.86	2.40	1.43	2.65	3.39	2.76	2.98	3.16
3826.4777N	00146.1254W	497.5	06/19/2025	08:00:44.74	1.1	8	2.11	1.98	4.21	2.13	2.76	2.40	1.35	2.65	3.22	2.76	2.85	3.15
3826.4778N	00146.1259W	497.4	06/19/2025	08:00:45.79	1.1	8	2.18	1.98	4.28	2.12	2.80	2.40	1.36	2.66	3.22	2.78	3.00	3.17
3826.4780N	00146.1265W	497.3	06/19/2025	08:00:46.85	1.1	8	2.20	1.98	4.29	2.12	2.80	2.40	1.43	2.66	3.29	2.77	2.95	3.16
3826.4783N	00146.1270W	497.2	06/19/2025	08:00:47.74	1.1	8	2.20	1.98	4.29	2.12	2.80	2.39	1.40	2.65	3.17	2.78	2.74	3.17
3826.4784N	00146.1274W	497.1	06/19/2025	08:00:48.80	1.1	8	2.16	1.98	4.26	2.12	2.79	2.39	1.36	2.65	3.09	2.77	2.69	3.18
3826.4784N	00146.1279W	496.9	06/19/2025	08:00:49.85	1.1	8	2.11	1.98	4.23	2.12	2.69	2.39	1.20	2.65	2.94	2.77	2.56	3.19
3826.4782N	00146.1284W	497.0	06/19/2025	08:00:50.74	1.1	8	2.07	1.98	4.13	2.12	2.62	2.40	1.19	2.65	3.00	2.78	2.78	3.17
3826.4777N	00146.1289W	497.0	06/19/2025	08:00:51.79	1.1	8	2.07	1.98	4.21	2.12	2.63	2.40	1.18	2.66	3.04	2.78	2.74	3.18
3826.4773N	00146.1294W	497.1	06/19/2025	08:00:52.84	1.1	8	2.19	1.98	4.26	2.12	2.68	2.39	1.31	2.65	3.18	2.76	2.83	3.17
3826.4771N	00146.1299W	497.2	06/19/2025	08:00:53.75	1.1	8	2.10	1.98	4.15	2.12	2.70	2.39	1.28	2.65	3.04	2.77	2.75	3.19
3826.4769N	00146.1304W	497.2	06/19/2025	08:00:54.79	1.1	8	2.25	1.98	4.31	2.12	2.69	2.39	1.16	2.65	2.96	2.78	2.71	3.18
3826.4768N	00146.1308W	497.2	06/19/2025	08:00:55.84	1.1	8	2.17	1.98	4.25	2.12	2.74	2.40	1.30	2.65	3.10	2.76	2.87	3.17
3826.4766N	00146.1313W	497.2	06/19/2025	08:00:56.75	1.1	8	2.28	1.98	4.31	2.13	2.81	2.40	1.40	2.65	3.29	2.75	2.96	3.14
3826.4764N	00146.1319W	497.2	06/19/2025	08:00:57.79	1.1	8	2.15	1.98	4.20	2.13	2.84	2.40	1.47	2.65	3.34	2.74	3.29	3.12
3826.4762N	00146.1324W	497.2	06/19/2025	08:00:58.84	1.1	8	2.18	1.98	4.23	2.13	2.84	2.40	1.51	2.65	3.42	2.76	3.19	3.17
3826.4761N	00146.1329W	497.2	06/19/2025	08:00:59.75	1.1	8	2.43	1.98	4.58	2.12	3.17	2.39	1.86	2.65	3.85	2.79	3.60	3.19
3826.4759N	00146.1335W	497.3	06/19/2025	08:01:00.80	1.1	8	2.27	1.98	4.44	2.13	3.12	2.39	1.89	2.64	3.87	2.76	3.66	3.13
3826.4757N	00146.1340W	497.3	06/19/2025	08:01:01.84	1.1	8	2.40	1.98	4.63	2.12	3.36	2.39	2.07	2.64	4.16	2.76	4.00	3.17
3826.4754N	00146.1344W	497.4	06/19/2025	08:01:02.74	1.1	8	2.36	1.98	4.54	2.12	3.24	2.39	2.04	2.65	4.06	2.76	3.90	3.17
3826.4751N	00146.1349W	497.5	06/19/2025	08:01:03.79	1.1	8	2.37	1.98	4.59	2.12	3.32	2.39	2.06	2.65	4.12	2.77	3.87	3.16
3826.4748N	00146.1356W	497.6	06/19/2025	08:01:04.84	1.1	8	2.43	1.98	4.66	2.12	3.38	2.39	2.11	2.65	4.13	2.78	3.96	3.17
3826.4746N	00146.1363W	497.7	06/19/2025	08:01:05.74	1.1	8	2.37	1.98	4.63	2.12	3.32	2.39	2.01	2.65	4.02	2.77	4.00	3.16
3826.4745N	00146.1369W	497.7	06/19/2025	08:01:06.79	1.1	8	2.39	1.98	4.67	2.12	3.41	2.39	2.10	2.65	4.08	2.77	4.05	3.17
3826.4743N	00146.1374W	497.7	06/19/2025	08:01:07.84	1.1	8	2.43	1.98	4.76	2.12	3.42	2.39	2.11	2.65	4.20	2.78	4.16	3.17
3826.4741N	00146.1380W	497.7	06/19/2025	08:01:08.74	1.1	8	2.47	1.98	4.83	2.12	3.48	2.39	2.14	2.65	4.18	2.79	4.09	3.18
3826.4739N	00146.1384W	497.7	06/19/2025	08:01:09.79	1.1	8	2.43	1.98	4.73	2.12	3.51	2.39	2.20	2.65	4.22	2.78	4.31	3.18
3826.4736N	00146.1386W	497.7	06/19/2025	08:01:10.84	1.1	8	2.52	1.98	4.92	2.12	3.81	2.39	2.30	2.65	4.33	2.79	4.43	3.18
3826.4734N	00146.1384W	497.7	06/19/2025	08:01:11.74	1.1	8	2.67	1.98	5.01	2.11	3.71	2.39	2.42	2.66	4.59	2.79	4.64	3.19
3826.4731N	00146.1381W	497.7	06/19/2025	08:01:12.79	1.1	8	2.51	1.98	4.81	2.12	3.59	2.39	2.41	2.65	4.54	2.79	4.47	3.18
3826.4728N	00146.1377W	497.8	06/19/2025	08:01:13.84	1.1	8	2.45	1.98	4.71	2.12	3.42	2.39	2.13	2.65	4.10	2.78	4.09	3.18
3826.4727N	00146.1372W	497.9	06/19/2025	08:01:14.74	1.1	8	2.42	1.98	4.64	2.12	3.36	2.39	2.01	2.65	4.04	2.78	4.02	3.19
3826.4728N	00146.1368W	497.9	06/19/2025	08:01:15.79	1.1	8	2.35	1.98	4.55	2.12	3.28	2.39	2.00	2.66	4.03	2.78	4.06	3.18
3826.4730N	00146.1363W	497.9	06/19/2025	08:01:16.84	1.1	8	2.89	1.98	4.70	2.11	3.21	2.39	1.83	2.67	3.90	2.80	3.90	3.19
3826.4733N	00146.1358W	497.9	06/19/2025	08:01:17.74	1.1	8	2.34	1.98	4.53	2.11	3.09	2.39	1.74	2.67	3.83	2.81	3.87	3.19
3826.4734N	00146.1352W	497.8	06/19/2025	08:01:18.79	1.1	8	2.34	1.98	4.57	2.12	3.15	2.39	1.87	2.65	3.79	2.78	3.87	3.17
3826.4735N	00146.1346W	497.9	06/19/2025	08:01:19.84	1.1	8	2.30	1.98	4.46	2.12	3.10	2.39	1.74	2.65	3.73	2.79	3.49	3.18
3826.4736N	00146.1341W	497.8	06/19/2025	08:01:20.74	1.1	8	2.32	1.98	4.45	2.12	3.08	2.39	1.67	2.66	3.63	2.79	3.51	3.18
3826.4739N	00146.1334W	497.8	06/19/2025	08:01:21.80	1.1	8	2.37	1.98	4.56	2.12	3.17	2.39	1.78	2.66	3.67	2.80	3.41	3.19
3826.4739N	00146.1334W	497.8	06/19/2025	08:01:22.69	1.1	8	2.52	1.97	4.71	2.11	3.23	2.40	1.72	2.68	3.64	2.81	3.36	3.22
3826.4741N	00146.1328W	497.7	06/19/2025	08:01:23.74	1.1	8	2.45	1.97	4.63	2.11	3.12	2.39	1.61	2.68	3.46	2.83	3.14	3.21
3826.4744N	00146.1313W	497.6	06/19/2025	08:01:24.79	1.1	8	2.49	1.97	4.63	2.11	2.98	2.40	1.45	2.69	3.31	2.81	2.98	3.20
3826.4744N	00146.1313W	497.6	06/19/2025	08:01:25.69	1.1	8	2.44	1.97	4.48	2.11	2.82	2.40	1.27	2.69	3.20	2.81	3.05	3.19
3826.4747N	00146.1306W	497.6	06/19/2025	08:01:26.74	1.1	8	2.25	1.98	4.32	2.12	2.70	2.41	1.22	2.68	3.17	2.79	2.89	3.15
3826.4753N	00146.1291W	497.5	06/19/2025	08:01:27.79	1.1	8	2.22	1.98	4.21	2.12	2.65	2.40	1.21	2.65	3.16	2.75	2.81	3.14
3826.4753N	00146.1291W	497.5	06/19/2025	08:01:28.69	1.1	8	2.22	1.98	4.21	2.12	2.64	2.40	1.10	2.68	2.87	2.80	2.54	3.18
3826.4757N	00146.1284W	497.5	06/19/2025	08:01:29.74	1.1	8	2.28	1.97	4.33	2.11	2.67	2.40	1.12	2.68	2.97	2.80	2.65	3.16
3826.4764N	00146.1274W	497.4	06/19/2025	08:01:30.79	1.1	8	2.21	1.98	4.26	2.12	2.69	2.40	1.18	2.67	2.97	2.79	2.73	3.17
3826.4764N	00146.1274W	497.4	06/19/2025	08:01:31.69	1.1	8	2.33	1.98	4.36	2.12	2.74	2.39	1.17	2.66	2.88	2.77	2.48	3.14
3826.4768N	00146.1269W	497.3	06/19/2025	08:01:32.74	1.1	8	2.12	1.98	4.14	2.13	2.70	2.40	1.29	2.64	3.03	2.75	2.58	3.14
3826.4773N	00146.1256W	497.2	06/19/2025	08:01:33.79	1.1	8	2.17	1.98	4.26	2.12	2.79	2.39	1.36	2.64	2.90	2.76	2.63	3.18
3826.4773N	00146.1256W	497.2	06/19/2025	08:01:34.69	1.1	8	2.15	1.98	4.21	2.12	2.79	2.39	1.47	2.65	3.22	2.78	2.92	3.16
3826.4775N	00146.1250W	497.2	06/19/2025	08:01:35.74	1.1	8	2.19	1.98	4.28	2.12	2.82	2.39	1.41	2.65	3.24	2.79	3.02	3.18
3826.4777N	00146.1237W	497.2	06/19/2025	08:01:36.79	1.1	8	2.11	1.98	4.20	2.13	2.79	2.39	1.51	2.64	3.39	2.74	3.23	3.14
3826.4777N	00146.1237W	497.2	06/19/2025	08:01:37.69	1.1	8	2.21	1.98	4.35	2.12	2.96	2.39	1.65	2.66	3.65	2.80	3.51	3.18
3826.4778N	00146.1232W	497.3	06/19/2025	08:01:38.74	1.1	8	2.49	1.98	4.68	2.12	3.31	2.39	1.98	2.66	3.96	2.77	3.64	3.17
3826.4780N	00146.1221W	497.2	06/19/2025	08:01:39.79	1.1	8	2.54	1.98	4.81	2.12	3.58	2.39	2.31	2.65	4.26	2.79	3.98	3.19
3826.4780N	00146.1221W	497.2	06/19/2025	08:01:40.69	1.1	8	2.65	1.97	4.99	2.11	3.75	2.39	2.43	2.67	4.51	2.79	4.32	3.17
3826.4781N	00146.1215W	497.2	06/19/2025	08:01:41.74	1.1	8	2.77	1.97	5.08	2.12	3.84	2.40	2.66	2.67	4.83	2.76	4.67	3.15
3826.4785N	00146.1206W	497.0	06/19/2025	08:01:42.79	1.1	8	2.63	1.98	4.92	2.12	3.75	2.40	2.58	2.65	4.59	2.75	4.53	3.14
3826.4785N	00146.1206W	497.0	06/19/2025	08:01:43.69	1.1	8	2.44	1.98	4.70	2.12	3.51	2.39	2.31	2.64	4.42	2.75	4.33	3.15
3826.4785N	00146.1203W	497.0	06/19/2025	08:01:44.74	1.1	8	2.42	1.98	4.70	2.12	3.42	2.39	2.19	2.64	4.18	2.76	4.13	3.17
3826.4783N	00146.1197W	497.0	06/19/2025	08:01:45.79	1.1	8	2.68	1.98	4.88	2.12	3.43	2.39	2.16	2.65	3.96	2.77	3.94	3.17
3826.4783N	00146.1197W	497.0	06/19/2025	08:01:46.69	1.1	8	2.30	1.98	4.56	2.12	3.31	2.39	2.08	2.64	3.93	2.75	3.97	3.16
3826.4781N	00146.1194W	497.0	06/19/2025	08:01:47.74	1.1	8	2.27	1.98	4.48	2.13	3.21	2.39	2.09	2.64	4.15	2.74	4.04	3.16
3826.4775N	00146.1193W	497.1	06/19/2025	08:01:48.79	1.1	8	2.26	1.98	4.41	2.12	3.20	2.39	2.03	2.64	4.09	2.75	4.01	3.16
3826.4775N	00146.1193W	497.1	06/19/2025	08:01:49.69	1.1	8	2.27	1.98	4.49	2.12	3.17	2.39	2.03	2.64	4.06	2.77	3.93	3.18
3826.4772N	00146.1196W	497.1	06/19/2025	08:01:50.74	1.1	8	2.31	1.98	4.60	2.12	3.13	2.39	2.06	2.65	4.12	2.78	4.15	3.18
3826.4768N	00146.1204W	497.0	06/19/2025	08:01:51.79	1.1	8	2.17	1.98	4.37	2.13	3.10	2.39	1.87	2.64	4.07	2.75	4.14	3.15
3826.4768N	00146.1204W	497.0	06/19/2025	08:01:52.69	1.1	8	2.29	1.98	4.54	2.12	3.24	2.39	2.13	2.65	4.29	2.77	4.48	3.17
3826.4767N	00146.1208W	496.9	06/19/2025	08:01:53.74	1.1	8	2.47	1.98	4.75	2.12	3.44	2.39	2.33	2.65	4.40	2.77	4.31	3.15
3826.4766N	00146.1220W	496.8	06/19/2025	08:01:54.79	1.1	8	2.53	1.98	5.07	2.12	3.58	2.39	2.34	2.65	4.47	2.77	4.02	3.18
3826.4766N	00146.1220W	496.8	06/19/2025	08:01:55.69	1.1	8	2.36	1.98	4.68	2.12	3.40	2.39	2.16	2.65	4.12	2.77	3.79	3.17
3826.4765N	00146.1225W	496.7	06/19/2025	08:01:56.74	1.1	8	2.27	1.98	4.54	2.12	3.22	2.39	2.00	2.64	3.96	2.77	3.69	3.19
3826.4762N	00146.1237W	496.6	06/19/2025	08:01:57.79	1.1	8	2.31	1.98	4.54	2.12	3.09	2.39	1.81	2.66	3.75	2.78	3.56	3.17
3826.4762N	00146.1237W	496.6	06/19/2025	08:01:58.69	1.1	8	2.18	1.98	4.39	2.12	2.92	2.39	1.52	2.64	3.45	2.77	3.15	3.16
3826.4761N	00146.1243W	496.7	06/19/2025	08:01:59.74	1.1	8	2.08	1.98	4.17	2.12	2.77	2.39	1.41	2.64	3.33	2.75	3.06	3.13
3826.4755N	00146.1252W	496.8	06/19/2025	08:02:00.79	1.1	8	2.09	1.98	4.18	2.12	2.89	2.38	1.44	2.64	3.26	2.77	2.86	3.14
3826.4755N	00146.1252W	496.8	06/19/2025	08:02:01.69	1.1	8	2.02	1.98	4.05	2.13	2.67	2.39	1.31	2.64	3.20	2.76	2.91	3.15
3826.4752N	00146.1254W	496.9	06/19/2025	08:02:02.74	1.1	8	2.17	1.98	4.31	2.12	2.77	2.39	1.35	2.66	3.25	2.82	2.79	3.20
3826.4750N	00146.1265W	497.0	06/19/2025	08:02:03.79	1.1	8	2.25	1.97	4.29	2.12	2.71	2.39	1.24	2.67	3.02	2.81	2.73	3.19
3826.4750N	00146.1265W	497.0	06/19/2025	08:02:04.69	1.1	8	2.14	1.98	4.22	2.12	2.70	2.40	1.23	2.66	3.12	2.79	2.77	3.16
3826.4750N	00146.1272W	497.1	06/19/2025	08:02:05.74	1.1	8	2.04	1.98	4.12	2.13	2.60	2.40	1.07	2.65	2.90	2.77	2.47	3.15
3826.4748N	00146.1283W	497.0	06/19/2025	08:02:06.79	1.1	8	1.98	1.98	4.03	2.13	2.54	2.39	1.11	2.64	2.87	2.76	2.62	3.15
3826.4748N	00146.1283W	497.0	06/19/2025	08:02:07.69	1.1	8	2.21	1.98	4.37	2.12	2.62	2.39	1.06	2.67	2.89	2.82	2.64	3.20
3826.4745N	00146.1288W	497.0	06/19/2025	08:02:08.74	1.1	8	2.13	1.97	4.25	2.11	2.60	2.39	1.15	2.67	3.05	2.79	2.76	3.17
3826.4741N	00146.1301W	497.1	06/19/2025	08:02:09.79	1.1	8	2.06	1.98	4.11	2.12	2.56	2.40	1.10	2.66	3.04	2.78	2.70	3.16
3826.4741N	00146.1301W	497.1	06/19/2025	08:02:10.69	1.1	8	2.14	1.97	4.19	2.12	2.61	2.40	1.17	2.67	3.14	2.81	2.87	3.17
3826.4740N	00146.1308W	497.2	06/19/2025	08:02:11.74	1.1	8	2.19	1.97	4.28	2.11	2.74	2.39	1.37	2.67	3.21	2.83	3.08	3.22
3826.4737N	00146.1321W	497.2	06/19/2025	08:02:12.79	1.1	8	2.29	1.97	4.43	2.11	2.88	2.39	1.45	2.67	3.32	2.81	3.19	3.20
3826.4737N	00146.1321W	497.2	06/19/2025	08:02:13.69	1.1	8	2.33	1.97	4.50	2.11	3.02	2.39	1.58	2.66	3.49	2.80	3.34	3.19
3826.4735N	00146.1328W	497.2	06/19/2025	08:02:14.74	1.1	8	2.33	1.97	4.59	2.11	3.12	2.39	1.70	2.65	3.62	2.79	3.27	3.20
3826.4730N	00146.1341W	497.3	06/19/2025	08:02:15.79	1.1	8	2.32	1.97	4.59	2.12	3.12	2.39	1.73	2.66	3.68	2.79	3.38	3.17
3826.4730N	00146.1341W	497.3	06/19/2025	08:02:16.69	1.1	8	2.24	1.98	4.46	2.12	2.95	2.39	1.75	2.64	3.74	2.79	3.55	3.17
3826.4728N	00146.1346W	497.3	06/19/2025	08:02:17.73	1.1	8	2.09	1.98	4.20	2.13	2.77	2.39	1.51	2.63	3.62	2.74	3.40	3.14
3826.4722N	00146.1353W	497.4	06/19/2025	08:02:18.78	1.1	8	3.27	1.98	4.86	2.12	3.10	2.39	1.74	2.66	3.69	2.80	3.74	3.19
3826.4722N	00146.1353W	497.4	06/19/2025	08:02:19.69	1.1	8	2.69	1.98	4.65	2.12	3.08	2.39	1.72	2.66	3.75	2.79	3.90	3.17
3826.4719N	00146.1359W	497.5	06/19/2025	08:02:20.73	1.1	8	2.32	1.97	4.54	2.12	3.09	2.39	1.70	2.66	3.75	2.79	3.75	3.17
3826.4717N	00146.1371W	497.4	06/19/2025	08:02:21.79	1.1	8	2.29	1.98	4.55	2.12	3.16	2.39	1.80	2.65	3.88	2.77	4.04	3.16
3826.4717N	00146.1371W	497.4	06/19/2025	08:02:22.68	1.1	8	2.27	1.98	4.51	2.12	3.23	2.39	2.05	2.65	4.25	2.77	4.12	3.16
3826.4716N	00146.1376W	497.4	06/19/2025	08:02:23.73	1.1	8	2.15	1.98	4.36	2.12	3.14	2.39	1.96	2.64	4.15	2.77	4.14	3.18
3826.4711N	00146.1380W	497.7	06/19/2025	08:02:24.79	1.1	8	2.17	1.98	4.45	2.12	3.28	2.38	2.01	2.64	4.17	2.76	4.28	3.19
3826.4711N	00146.1380W	497.7	06/19/2025	08:02:25.68	1.1	8	2.48	1.98	4.99	2.12	3.45	2.38	2.14	2.65	4.36	2.81	4.64	3.20
3826.4708N	00146.1379W	497.8	06/19/2025	08:02:26.74	1.1	8	2.33	1.97	4.66	2.12	3.44	2.38	2.18	2.65	4.19	2.79	4.42	3.18
3826.4704N	00146.1374W	497.9	06/19/2025	08:02:27.79	1.1	8	2.40	1.97	4.76	2.11	3.55	2.39	2.40	2.67	4.54	2.80	4.37	3.19
3826.4704N	00146.1374W	497.9	06/19/2025	08:02:28.68	1.1	8	2.46	1.97	4.77	2.12	3.45	2.39	2.21	2.66	4.23	2.78	4.17	3.19
3826.4703N	00146.1369W	498.1	06/19/2025	08:02:29.74	1.1	8	2.54	1.97	4.80	2.11	3.45	2.40	2.18	2.71	4.29	2.86	4.19	3.22
3826.4704N	00146.1358W	498.6	06/19/2025	08:02:30.79	1.1	8	2.47	1.97	4.78	2.11	3.40	2.39	2.16	2.68	4.28	2.82	4.12	3.20
3826.4704N	00146.1358W	498.6	06/19/2025	08:02:31.69	1.1	8	2.22	1.98	4.46	2.12	3.20	2.38	2.02	2.65	4.05	2.77	4.03	3.16
3826.4705N	00146.1354W	498.7	06/19/2025	08:02:32.74	1.1	8	2.27	1.97	4.52	2.12	3.22	2.39	1.94	2.67	3.98	2.81	3.90	3.21
3826.4707N	00146.1350W	498.7	06/19/2025	08:02:33.63	1.1	8	2.28	1.97	4.49	2.12	3.11	2.39	1.75	2.67	3.77	2.80	3.82	3.17
3826.4710N	00146.1345W	498.7	06/19/2025	08:02:34.69	1.1	8	2.49	1.97	4.65	2.11	3.18	2.40	1.86	2.68	3.83	2.79	3.67	3.18
3826.4713N	00146.1340W	498.7	06/19/2025	08:02:35.74	1.1	8	2.25	1.97	4.50	2.12	3.19	2.39	1.89	2.64	3.87	2.76	3.54	3.17
3826.4715N	00146.1335W	498.8	06/19/2025	08:02:36.64	1.1	8	2.18	1.98	4.40	2.12	3.07	2.39	1.75	2.64	3.71	2.77	3.46	3.15
3826.4717N	00146.1332W	498.9	06/19/2025	08:02:37.69	1.1	8	2.36	1.97	4.62	2.12	3.19	2.39	1.72	2.66	3.59	2.79	3.35	3.19
3826.4719N	00146.1330W	498.8	06/19/2025	08:02:38.74	1.1	8	2.06	1.98	4.23	2.12	2.90	2.39	1.64	2.64	3.38	2.76	2.96	3.13
3826.4722N	00146.1325W	499.0	06/19/2025	08:02:39.64	1.1	8	2.05	1.97	4.23	2.12	2.91	2.39	1.69	2.65	3.57	2.77	3.27	3.18
3826.4722N	00146.1322W	499.1	06/19/2025	08:02:40.69	1.1	8	2.00	1.98	4.13	2.13	2.82	2.39	1.65	2.64	3.53	2.75	3.23	3.12
3826.4724N	00146.1322W	499.1	06/19/2025	08:02:41.74	1.1	8	1.98	1.98	4.05	2.13	2.75	2.39	1.50	2.65	3.52	2.77	3.23	3.14
3826.4727N	00146.1318W	499.0	06/19/2025	08:02:42.64	1.1	8	2.05	1.98	4.14	2.12	2.71	2.39	1.47	2.66	3.27	2.77	3.08	3.15
3826.4731N	00146.1313W	499.0	06/19/2025	08:02:43.69	1.1	8	2.37	1.96	4.40	2.11	2.70	2.41	1.27	2.72	3.16	2.86	3.08	3.22
3826.4734N	00146.1308W	498.9	06/19/2025	08:02:44.73	1.1	8	2.21	1.97	4.34	2.11	2.77	2.40	1.30	2.68	3.20	2.80	2.95	3.20
3826.4736N	00146.1303W	498.9	06/19/2025	08:02:45.64	1.1	8	2.29	1.97	4.36	2.11	2.68	2.40	1.23	2.71	3.09	2.86	2.85	3.24
3826.4739N	00146.1297W	498.8	06/19/2025	08:02:46.68	1.1	8	2.50	1.96	4.47	2.11	2.61	2.42	1.18	2.72	3.06	2.82	2.74	3.21
3826.4742N	00146.1292W	498.7	06/19/2025	08:02:47.73	1.1	8	2.32	1.96	4.27	2.11	2.57	2.41	1.18	2.71	3.09	2.82	2.79	3.19
3826.4745N	00146.1286W	498.7	06/19/2025	08:02:48.63	1.1	8	2.24	1.97	4.25	2.11	2.58	2.40	1.21	2.70	3.14	2.82	2.83	3.19
3826.4748N	00146.1280W	498.7	06/19/2025	08:02:49.68	1.1	8	2.13	1.97	4.27	2.12	2.64	2.39	1.16	2.66	3.02	2.77	2.68	3.16
3826.4750N	00146.1274W	498.7	06/19/2025	08:02:50.73	1.1	8	2.07	1.98	4.11	2.12	2.60	2.39	1.14	2.66	2.92	2.78	2.61	3.18
3826.4750N	00146.1269W	498.8	06/19/2025	08:02:51.63	1.1	8	2.06	1.97	4.19	2.12	2.70	2.39	1.20	2.68	2.95	2.81	2.69	3.19
3826.4750N	00146.1264W	498.9	06/19/2025	08:02:52.68	1.1	8	2.24	1.97	4.32	2.12	2.68	2.39	1.30	2.68	3.18	2.81	2.83	3.19
3826.4750N	00146.1260W	499.0	06/19/2025	08:02:53.73	1.1	8	2.00	1.98	4.13	2.12	2.68	2.39	1.34	2.66	3.27	2.78	2.96	3.17
3826.4751N	00146.1255W	499.0	06/19/2025	08:02:54.63	1.1	8	2.11	1.97	4.27	2.12	2.81	2.39	1.37	2.67	3.21	2.78	2.89	3.16
3826.4754N	00146.1252W	499.0	06/19/2025	08:02:55.68	1.1	8	2.39	1.97	4.66	2.11	2.95	2.39	1.58	2.68	3.47	2.79	3.09	3.17
3826.4757N	00146.1248W	498.9	06/19/2025	08:02:56.73	1.1	8	2.12	1.98	4.29	2.12	2.87	2.39	1.59	2.66	3.53	2.78	3.25	3.17
3826.4760N	00146.1244W	498.9	06/19/2025	08:02:57.63	1.1	8	1.73	1.97	4.04	2.12	2.89	2.39	1.53	2.67	3.55	2.79	3.41	3.16
3826.4764N	00146.1241W	498.8	06/19/2025	08:02:58.68	1.1	8	2.04	1.98	4.19	2.13	2.83	2.39	1.66	2.65	3.58	2.76	3.43	3.13
3826.4768N	00146.1236W	498.7	06/19/2025	08:02:59.73	1.1	8	2.36	1.97	4.61	2.12	3.33	2.39	2.15	2.66	4.03	2.77	3.84	3.18
3826.4771N	00146.1229W	498.6	06/19/2025	08:03:00.63	1.1	8	2.49	1.97	4.84	2.12	3.62	2.38	2.49	2.66	4.42	2.77	4.21	3.15
3826.4773N	00146.1223W	498.5	06/19/2025	08:03:01.68	1.1	8	2.17	1.98	4.46	2.12	3.29	2.39	2.23	2.64	4.35	2.76	4.22	3.16
3826.4774N	00146.1217W	498.5	06/19/2025	08:03:02.73	1.1	8	2.08	1.98	4.32	2.13	3.12	2.39	2.03	2.64	4.09	2.75	4.04	3.14
3826.4776N	00146.1213W	498.4	06/19/2025	08:03:03.63	1.1	8	2.35	1.97	4.74	2.12	3.55	2.39	2.46	2.65	4.26	2.76	4.27	3.14
3826.4777N	00146.1209W	498.3	06/19/2025	08:03:04.68	1.1	8	2.33	1.98	4.73	2.12	3.51	2.39	2.41	2.65	4.45	2.76	4.28	3.17
3826.4778N	00146.1204W	498.3	06/19/2025	08:03:05.73	1.1	8	2.44	1.97	4.74	2.12	3.46	2.39	2.36	2.66	4.29	2.78	4.20	3.18
3826.4779N	00146.1199W	498.4	06/19/2025	08:03:06.63	1.1	8	2.48	1.98	4.65	2.13	3.24	2.39	2.02	2.64	3.92	2.76	3.97	3.17
3826.4780N	00146.1193W	498.5	06/19/2025	08:03:07.68	1.1	8	2.25	1.98	4.50	2.12	3.16	2.39	2.05	2.66	3.98	2.77	3.67	3.15
3826.4779N	00146.1187W	498.5	06/19/2025	08:03:08.73	1.1	8	2.09	1.98	4.32	2.13	2.98	2.39	1.83	2.64	3.79	2.75	3.56	3.13
3826.4777N	00146.1185W	498.6	06/19/2025	08:03:09.63	1.1	8	2.21	1.98	4.45	2.13	2.96	2.39	1.85	2.64	3.82	2.77	3.62	3.16
3826.4775N	00146.1185W	498.5	06/19/2025	08:03:10.68	1.1	8	2.16	1.98	4.42	2.13	2.95	2.39	1.74	2.65	3.69	2.76	3.71	3.15
3826.4772N	00146.1186W	498.5	06/19/2025	08:03:11.73	1.1	8	2.31	1.98	4.57	2.12	3.21	2.39	2.08	2.65	4.01	2.78	3.95	3.19
3826.4769N	00146.1189W	498.5	06/19/2025	08:03:12.63	1.1	8	2.21	1.98	4.54	2.13	3.13	2.39	1.99	2.65	3.84	2.75	3.80	3.16
3826.4765N	00146.1193W	498.6	06/19/2025	08:03:13.68	1.1	8	2.72	1.98	4.83	2.12	3.24	2.39	2.03	2.65	3.94	2.77	4.02	3.18
3826.4761N	00146.1194W	498.6	06/19/2025	08:03:14.73	1.1	8	2.31	1.98	4.52	2.13	3.09	2.39	1.88	2.65	3.82	2.77	3.81	3.17
3826.4757N	00146.1195W	498.8	06/19/2025	08:03:15.63	1.1	8	2.15	1.98	4.29	2.13	2.89	2.39	1.79	2.65	3.75	2.76	3.63	3.14
3826.4755N	00146.1198W	498.9	06/19/2025	08:03:16.68	1.1	8	2.05	1.98	4.22	2.13	2.83	2.39	1.69	2.64	3.64	2.75	3.34	3.13
3826.4753N	00146.1202W	498.8	06/19/2025	08:03:17.73	1.1	8	2.07	1.98	4.27	2.13	2.90	2.39	1.80	2.65	3.88	2.75	3.81	3.10
3826.4751N	00146.1205W	498.7	06/19/2025	08:03:18.63	1.1	8	2.16	1.98	4.43	2.13	3.07	2.39	1.95	2.64	4.04	2.76	4.22	3.14
3826.4749N	00146.1209W	498.6	06/19/2025	08:03:19.68	1.1	8	2.16	1.98	4.40	2.13	3.12	2.39	2.01	2.64	4.12	2.77	4.13	3.16
3826.4747N	00146.1213W	498.5	06/19/2025	08:03:20.73	1.1	8	2.24	1.98	4.51	2.12	3.23	2.39	2.02	2.65	4.11	2.78	3.99	3.15
3826.4744N	00146.1218W	498.5	06/19/2025	08:03:21.63	1.1	8	2.25	1.98	4.47	2.12	3.20	2.39	2.05	2.65	4.18	2.77	3.99	3.16
3826.4742N	00146.1223W	498.5	06/19/2025	08:03:22.68	1.1	8	2.29	1.97	4.57	2.12	3.27	2.39	2.00	2.66	4.11	2.79	3.76	3.19
3826.4741N	00146.1228W	498.4	06/19/2025	08:03:23.73	1.1	8	2.22	1.98	4.46	2.12	3.08	2.39	1.79	2.66	3.58	2.80	3.27	3.20
3826.4740N	00146.1234W	498.3	06/19/2025	08:03:24.63	1.1	8	2.19	1.98	4.43	2.12	3.00	2.39	1.67	2.66	3.65	2.78	3.25	3.14
3826.4738N	00146.1239W	498.1	06/19/2025	08:03:25.68	1.1	8	2.19	1.97	4.42	2.12	2.93	2.39	1.59	2.66	3.52	2.78	3.10	3.15
3826.4736N	00146.1246W	498.1	06/19/2025	08:03:26.73	1.1	8	2.11	1.98	4.33	2.12	2.78	2.39	1.43	2.66	3.24	2.78	2.94	3.17
3826.4734N	00146.1253W	498.0	06/19/2025	08:03:27.63	1.1	8	1.93	1.98	4.08	2.13	2.63	2.39	1.26	2.65	3.00	2.76	2.67	3.15
3826.4732N	00146.1258W	498.0	06/19/2025	08:03:28.68	1.1	8	1.93	1.98	4.02	2.12	2.66	2.39	1.35	2.64	3.18	2.76	2.86	3.14
3826.4731N	00146.1262W	497.9	06/19/2025	08:03:29.73	1.1	8	1.86	1.98	3.94	2.13	2.55	2.39	1.21	2.64	2.96	2.75	2.56	3.15
3826.4729N	00146.1265W	497.8	06/19/2025	08:03:30.63	1.1	8	1.93	1.98	4.05	2.13	2.46	2.40	1.22	2.64	2.99	2.74	2.63	3.14
3826.4727N	00146.1267W	497.9	06/19/2025	08:03:31.68	1.1	8	2.06	1.98	4.16	2.12	2.56	2.39	1.21	2.66	2.98	2.78	2.64	3.18
3826.4726N	00146.1271W	497.7	06/19/2025	08:03:32.73	1.1	8	2.10	1.97	4.21	2.12	2.64	2.39	1.18	2.66	3.00	2.79	2.67	3.18
3826.4726N	00146.1276W	497.6	06/19/2025	08:03:33.63	1.1	8	3.10	1.98	4.42	2.12	2.62	2.39	1.14	2.66	3.03	2.79	2.78	3.18
3826.4724N	00146.1280W	497.6	06/19/2025	08:03:34.68	1.1	8	1.95	1.98	4.06	2.13	2.54	2.39	1.17	2.64	3.01	2.76	2.70	3.17
3826.4724N	00146.1286W	497.5	06/19/2025	08:03:35.73	1.1	8	1.97	1.98	4.12	2.13	2.60	2.39	1.30	2.66	3.00	2.79	2.68	3.17
3826.4726N	00146.1291W	497.4	06/19/2025	08:03:36.63	1.1	8	2.17	1.97	4.30	2.11	2.66	2.39	1.22	2.68	2.97	2.81	2.69	3.21
3826.4728N	00146.1295W	497.3	06/19/2025	08:03:37.68	1.1	8	2.28	1.97	4.30	2.11	2.75	2.39	1.34	2.68	3.18	2.83	2.90	3.22
3826.4730N	00146.1301W	497.2	06/19/2025	08:03:38.73	1.1	8	2.11	1.97	4.28	2.12	2.68	2.39	1.33	2.66	3.17	2.82	2.97	3.23
3826.4732N	00146.1308W	497.2	06/19/2025	08:03:39.63	1.1	8	2.10	1.97	4.27	2.12	2.84	2.38	1.48	2.65	3.34	2.79	3.02	3.19
3826.4731N	00146.1314W	497.1	06/19/2025	08:03:40.68	1.1	8	2.18	1.97	4.38	2.12	2.90	2.38	1.46	2.66	3.49	2.80	3.31	3.20
3826.4729N	00146.1320W	497.2	06/19/2025	08:03:41.73	1.1	8	2.22	1.97	4.62	2.12	2.98	2.39	1.69	2.65	3.64	2.78	3.42	3.17
3826.4727N	00146.1326W	497.2	06/19/2025	08:03:42.63	1.1	8	2.06	1.98	4.30	2.12	2.94	2.39	1.75	2.65	3.83	2.76	3.63	3.15
3826.4725N	00146.1331W	497.3	06/19/2025	08:03:43.68	1.1	8	2.26	1.98	4.17	2.12	2.90	2.39	1.69	2.65	3.67	2.78	3.52	3.17
3826.4724N	00146.1337W	497.3	06/19/2025	08:03:44.58	1.1	8	2.14	1.98	4.39	2.12	3.01	2.39	1.81	2.65	3.75	2.78	3.56	3.17
3826.4722N	00146.1343W	497.4	06/19/2025	08:03:45.64	1.1	8	2.18	1.97	4.47	2.12	3.04	2.39	1.76	2.66	3.72	2.79	3.79	3.18
3826.4720N	00146.1349W	497.3	06/19/2025	08:03:46.69	1.1	8	2.30	1.98	4.30	2.12	3.05	2.39	1.81	2.65	3.83	2.79	4.03	3.19
3826.4718N	00146.1353W	497.3	06/19/2025	08:03:47.59	1.1	8	2.15	1.98	4.26	2.13	2.88	2.39	1.64	2.64	3.68	2.77	3.80	3.16
3826.4715N	00146.1356W	497.4	06/19/2025	08:03:48.64	1.1	8	2.11	1.98	4.39	2.12	3.01	2.39	1.77	2.64	3.85	2.77	3.89	3.17
3826.4712N	00146.1358W	497.5	06/19/2025	08:03:49.69	1.1	8	2.19	1.98	4.50	2.12	3.14	2.39	1.97	2.65	4.16	2.79	4.18	3.19
3826.4709N	00146.1362W	497.6	06/19/2025	08:03:50.59	1.1	8	2.21	1.98	4.56	2.12	3.28	2.39	2.09	2.65	4.26	2.79	4.39	3.18
3826.4707N	00146.1366W	497.6	06/19/2025	08:03:51.64	1.1	8	2.29	1.97	4.68	2.12	3.41	2.39	2.16	2.66	4.27	2.81	4.49	3.21
3826.4705N	00146.1368W	497.7	06/19/2025	08:03:52.69	1.1	8	2.28	1.98	4.67	2.12	3.35	2.39	2.07	2.65	3.95	2.78	4.12	3.18
3826.4703N	00146.1369W	497.8	06/19/2025	08:03:53.59	1.1	8	2.40	1.97	4.82	2.12	3.43	2.39	2.24	2.66	4.36	2.79	4.60	3.19
3826.4700N	00146.1368W	497.9	06/19/2025	08:03:54.64	1.1	8	2.38	1.98	4.79	2.12	3.39	2.39	2.23	2.65	4.49	2.79	4.69	3.19
3826.4696N	00146.1367W	498.0	06/19/2025	08:03:55.69	1.1	8	2.48	1.97	4.87	2.12	3.50	2.39	2.26	2.67	4.53	2.81	4.84	3.19
3826.4694N	00146.1366W	498.1	06/19/2025	08:03:56.59	1.1	8	2.70	1.97	5.02	2.12	3.53	2.39	2.18	2.66	4.35	2.80	4.71	3.20
3826.4690N	00146.1365W	498.3	06/19/2025	08:03:57.64	1.1	8	2.21	1.97	4.57	2.12	3.36	2.39	2.20	2.64	4.58	2.75	4.84	3.13
3826.4687N	00146.1364W	498.4	06/19/2025	08:03:58.69	1.1	8	2.18	1.98	4.56	2.13	3.34	2.39	2.18	2.64	4.40	2.77	4.76	3.15
3826.4684N	00146.1362W	498.5	06/19/2025	08:03:59.59	1.1	8	2.24	1.97	4.65	2.12	3.33	2.39	2.11	2.65	4.24	2.76	4.52	3.15
3826.4683N	00146.1360W	498.7	06/19/2025	08:04:00.64	1.1	8	2.30	1.97	4.72	2.12	3.41	2.39	2.10	2.65	4.18	2.78	4.51	3.17
3826.4682N	00146.1356W	498.8	06/19/2025	08:04:01.69	1.1	8	2.38	1.97	4.84	2.12	3.58	2.39	2.39	2.66	4.47	2.79	4.45	3.19
3826.4682N	00146.1351W	499.0	06/19/2025	08:04:02.59	1.1	8	2.59	1.97	4.96	2.12	3.64	2.40	2.46	2.68	4.53	2.80	4.40	3.17
3826.4683N	00146.1347W	499.1	06/19/2025	08:04:03.64	1.1	8	2.55	1.97	4.91	2.12	3.53	2.40	2.36	2.68	4.47	2.80	4.33	3.19
3826.4685N	00146.1342W	499.2	06/19/2025	08:04:04.69	1.1	8	2.37	1.97	4.71	2.12	3.34	2.40	2.11	2.68	4.26	2.80	4.28	3.16
3826.4686N	00146.1336W	499.3	06/19/2025	08:04:05.59	1.1	8	2.33	1.97	4.69	2.12	3.22	2.39	1.95	2.67	4.03	2.79	4.26	3.16
3826.4687N	00146.1331W	499.3	06/19/2025	08:04:06.64	1.1	8	2.34	1.97	4.77	2.12	3.26	2.39	1.95	2.67	4.04	2.79	4.05	3.18
3826.4690N	00146.1325W	499.4	06/19/2025	08:04:07.69	1.1	8	2.22	1.97	4.57	2.12	3.09	2.39	1.78	2.66	3.78	2.78	3.75	3.17
3826.4692N	00146.1320W	499.5	06/19/2025	08:04:08.59	1.1	8	2.17	1.97	4.50	2.12	3.10	2.39	1.73	2.66	3.78	2.79	3.46	3.18
3826.4695N	00146.1314W	499.5	06/19/2025	08:04:09.64	1.1	8	2.10	1.98	4.35	2.12	2.95	2.39	1.63	2.64	3.59	2.77	3.45	3.17
3826.4697N	00146.1309W	499.6	06/19/2025	08:04:10.69	1.1	8	2.21	1.97	4.42	2.12	2.92	2.39	1.51	2.66	3.31	2.78	3.11	3.17
3826.4699N	00146.1304W	499.6	06/19/2025	08:04:11.59	1.1	8	2.13	1.97	4.32	2.12	2.76	2.40	1.39	2.67	3.33	2.79	3.23	3.18
3826.4703N	00146.1298W	499.7	06/19/2025	08:04:12.64	1.1	8	2.08	1.97	4.24	2.12	2.63	2.40	1.26	2.68	3.11	2.78	3.02	3.15
3826.4707N	00146.1293W	499.7	06/19/2025	08:04:13.69	1.1	8	2.02	1.97	4.16	2.13	2.61	2.40	1.27	2.66	3.11	2.77	2.90	3.16
3826.4710N	00146.1289W	499.6	06/19/2025	08:04:14.59	1.1	8	2.02	1.97	4.15	2.12	2.62	2.40	1.24	2.67	3.17	2.81	2.95	3.18
3826.4714N	00146.1284W	499.6	06/19/2025	08:04:15.64	1.1	8	2.05	1.97	4.20	2.12	2.59	2.40	1.17	2.68	3.04	2.79	2.79	3.16
3826.4718N	00146.1280W	499.6	06/19/2025	08:04:16.69	1.1	8	2.06	1.97	4.18	2.13	2.63	2.40	1.23	2.65	3.08	2.75	2.81	3.13
3826.4722N	00146.1276W	499.4	06/19/2025	08:04:17.59	1.1	8	2.02	1.98	4.21	2.13	2.70	2.40	1.35	2.66	3.31	2.77	3.03	3.15
3826.4725N	00146.1271W	499.4	06/19/2025	08:04:18.64	1.1	8	2.08	1.97	4.23	2.12	2.62	2.39	1.11	2.67	2.92	2.80	2.67	3.19
3826.4727N	00146.1266W	499.3	06/19/2025	08:04:19.69	1.1	8	2.04	1.97	4.22	2.12	2.70	2.39	1.25	2.66	2.92	2.80	2.62	3.20
3826.4726N	00146.1260W	499.4	06/19/2025	08:04:20.59	1.1	8	2.25	1.97	4.45	2.12	2.85	2.39	1.42	2.66	3.20	2.78	2.87	3.17
3826.4725N	00146.1254W	499.5	06/19/2025	08:04:21.64	1.1	8	2.17	1.97	4.41	2.12	2.89	2.39	1.50	2.66	3.39	2.78	3.03	3.17
3826.4724N	00146.1249W	499.6	06/19/2025	08:04:22.69	1.1	8	2.17	1.97	4.36	2.12	2.87	2.39	1.56	2.66	3.38	2.78	3.00	3.17
3826.4724N	00146.1245W	499.7	06/19/2025	08:04:23.59	1.1	8	2.22	1.97	4.43	2.12	2.93	2.39	1.61	2.67	3.45	2.78	3.13	3.17
3826.4726N	00146.1241W	499.7	06/19/2025	08:04:24.64	1.1	8	2.17	1.97	4.40	2.12	2.87	2.39	1.53	2.67	3.33	2.80	3.13	3.20
3826.4729N	00146.1236W	499.6	06/19/2025	08:04:25.69	1.1	8	2.12	1.97	4.39	2.12	2.97	2.39	1.64	2.66	3.58	2.79	3.30	3.17
3826.4732N	00146.1230W	499.6	06/19/2025	08:04:26.59	1.1	8	2.24	1.97	4.57	2.12	3.07	2.39	1.71	2.67	3.68	2.80	3.45	3.21
3826.4735N	00146.1224W	499.5	06/19/2025	08:04:27.64	1.1	8	2.21	1.97	4.50	2.12	3.12	2.39	1.80	2.66	3.85	2.80	3.79	3.17
3826.4737N	00146.1219W	499.5	06/19/2025	08:04:28.54	1.1	8	2.12	1.97	4.35	2.12	3.12	2.38	1.98	2.64	3.80	2.79	3.75	3.18
3826.4740N	00146.1213W	499.5	06/19/2025	08:04:29.59	1.1	8	2.16	1.97	4.45	2.12	3.14	2.39	2.04	2.65	3.86	2.79	3.77	3.19
3826.4742N	00146.1207W	499.6	06/19/2025	08:04:30.64	1.1	8	2.30	1.97	4.62	2.12	3.29	2.39	2.13	2.67	4.03	2.80	3.90	3.16
3826.4744N	00146.1201W	499.6	06/19/2025	08:04:31.54	1.1	8	2.43	1.97	4.73	2.12	3.37	2.40	2.24	2.67	4.29	2.78	4.04	3.18
3826.4747N	00146.1197W	499.6	06/19/2025	08:04:32.59	1.1	8	2.31	1.97	4.64	2.12	3.28	2.39	2.06	2.66	3.98	2.78	3.75	3.16
3826.4750N	00146.1193W	499.5	06/19/2025	08:04:33.64	1.1	8	2.29	1.97	4.58	2.12	3.23	2.39	2.03	2.66	3.84	2.79	3.70	3.17
3826.4752N	00146.1189W	499.5	06/19/2025	08:04:34.54	1.1	8	2.22	1.97	4.56	2.12	3.17	2.39	1.98	2.66	3.84	2.78	3.65	3.16
3826.4753N	00146.1184W	499.5	06/19/2025	08:04:35.59	1.1	8	2.21	1.97	4.50	2.12	3.08	2.40	1.88	2.67	3.88	2.80	3.55	3.16
3826.4755N	00146.1179W	499.5	06/19/2025	08:04:36.64	1.1	8	2.62	1.97	4.72	2.12	2.95	2.39	1.56	2.65	3.31	2.77	3.23	3.18
3826.4756N	00146.1173W	499.4	06/19/2025	08:04:37.54	1.1	8	2.07	1.97	4.33	2.12	2.90	2.39	1.55	2.64	3.20	2.78	3.01	3.20
3826.4755N	00146.1168W	499.4	06/19/2025	08:04:38.59	1.1	8	2.11	1.97	4.40	2.12	2.92	2.39	1.57	2.65	3.10	2.80	2.92	3.19
3826.4752N	00146.1165W	499.5	06/19/2025	08:04:39.64	1.1	8	2.11	1.97	4.32	2.12	2.81	2.39	1.37	2.65	3.18	2.79	2.91	3.21
3826.4749N	00146.1163W	499.6	06/19/2025	08:04:40.54	1.1	8	2.07	1.97	4.33	2.12	2.91	2.39	1.63	2.65	3.46	2.78	3.07	3.19
3826.4745N	00146.1162W	499.8	06/19/2025	08:04:41.59	1.1	8	1.92	1.98	4.08	2.13	2.58	2.40	1.35	2.64	3.32	2.75	3.01	3.14
3826.4743N	00146.1162W	499.9	06/19/2025	08:04:42.64	1.1	8	1.94	1.98	4.06	2.13	2.58	2.39	1.29	2.64	3.17	2.75	2.71	3.14
3826.4741N	00146.1164W	499.8	06/19/2025	08:04:43.54	1.1	8	1.99	1.97	4.20	2.12	2.73	2.39	1.41	2.65	3.23	2.76	2.85	3.16
3826.4741N	00146.1168W	499.8	06/19/2025	08:04:44.59	1.1	8	2.04	1.98	4.24	2.13	2.76	2.39	1.45	2.65	3.37	2.77	3.22	3.15
3826.4741N	00146.1173W	499.7	06/19/2025	08:04:45.64	1.1	8	2.03	1.97	4.28	2.12	2.77	2.39	1.49	2.66	3.57	2.78	3.43	3.15
3826.4742N	00146.1179W	499.6	06/19/2025	08:04:46.54	1.1	8	2.13	1.98	4.29	2.13	2.78	2.39	1.46	2.66	3.60	2.76	3.58	3.13
3826.4741N	00146.1185W	499.6	06/19/2025	08:04:47.59	1.1	8	2.07	1.98	4.28	2.13	2.85	2.39	1.56	2.66	3.63	2.76	3.52	3.17
3826.4740N	00146.1191W	499.5	06/19/2025	08:04:48.64	1.1	8	2.14	1.97	4.39	2.12	2.97	2.39	1.64	2.66	3.81	2.77	3.71	3.17
3826.4740N	00146.1198W	499.5	06/19/2025	08:04:49.54	1.1	8	2.20	1.97	4.53	2.13	3.15	2.39	1.91	2.66	3.94	2.78	3.90	3.17
3826.4738N	00146.1205W	499.5	06/19/2025	08:04:50.59	1.1	8	2.16	1.97	4.45	2.12	3.09	2.39	1.81	2.66	3.90	2.79	3.90	3.19
3826.4736N	00146.1211W	499.5	06/19/2025	08:04:51.64	1.1	8	2.22	1.98	4.48	2.13	3.05	2.39	1.73	2.65	3.76	2.78	3.65	3.16
3826.4734N	00146.1216W	499.4	06/19/2025	08:04:52.54	1.1	8	2.27	1.97	4.59	2.12	3.19	2.39	1.93	2.66	3.94	2.79	3.74	3.17
3826.4733N	00146.1223W	499.4	06/19/2025	08:04:53.59	1.1	8	2.21	1.97	4.52	2.12	3.09	2.39	1.77	2.66	3.75	2.78	3.49	3.18
3826.4731N	00146.1229W	499.4	06/19/2025	08:04:54.64	1.1	8	2.27	1.97	4.74	2.12	2.98	2.39	1.62	2.65	3.58	2.77	3.33	3.16
3826.4730N	00146.1233W	499.3	06/19/2025	08:04:55.54	1.1	8	2.06	1.97	4.29	2.12	2.85	2.39	1.58	2.65	3.55	2.77	3.25	3.18
3826.4727N	00146.1237W	499.3	06/19/2025	08:04:56.59	1.1	8	2.04	1.98	4.28	2.13	2.79	2.39	1.46	2.66	3.33	2.79	3.08	3.18
3826.4725N	00146.1241W	499.3	06/19/2025	08:04:57.64	1.1	8	2.05	1.97	4.29	2.12	2.82	2.39	1.44	2.66	3.24	2.79	2.88	3.18
3826.4722N	00146.1246W	499.3	06/19/2025	08:04:58.54	1.1	8	2.08	1.97	4.32	2.12	2.82	2.39	1.45	2.66	3.33	2.78	3.05	3.17
3826.4721N	00146.1250W	499.3	06/19/2025	08:04:59.59	1.1	8	2.08	1.97	4.29	2.12	2.77	2.39	1.39	2.65	3.16	2.78	2.81	3.16
3826.4721N	00146.1256W	499.2	06/19/2025	08:05:00.64	1.1	8	2.10	1.97	4.31	2.12	2.81	2.39	1.45	2.66	3.33	2.78	2.98	3.17
3826.4720N	00146.1262W	499.2	06/19/2025	08:05:01.54	1.1	8	2.18	1.97	4.38	2.13	2.77	2.39	1.33	2.65	3.24	2.78	2.82	3.18
3826.4718N	00146.1266W	499.2	06/19/2025	08:05:02.59	1.1	8	2.10	1.97	4.31	2.13	2.71	2.39	1.30	2.65	3.09	2.78	2.84	3.17
3826.4716N	00146.1271W	499.1	06/19/2025	08:05:03.64	1.1	8	2.05	1.97	4.24	2.13	2.61	2.39	1.19	2.65	3.01	2.77	2.76	3.14
3826.4714N	00146.1276W	499.0	06/19/2025	08:05:04.54	1.1	8	1.98	1.98	4.15	2.13	2.62	2.40	1.24	2.66	3.05	2.78	2.74	3.17
3826.4712N	00146.1282W	498.8	06/19/2025	08:05:05.59	1.1	8	2.00	1.97	4.18	2.12	2.59	2.39	1.21	2.67	3.03	2.80	2.73	3.20
3826.4709N	00146.1289W	498.8	06/19/2025	08:05:06.64	1.1	8	2.02	1.97	4.22	2.13	2.58	2.40	1.21	2.67	3.01	2.80	2.92	3.19
3826.4706N	00146.1295W	498.7	06/19/2025	08:05:07.54	1.1	8	2.02	1.97	4.18	2.13	2.60	2.40	1.20	2.68	3.20	2.79	3.08	3.16
3826.4703N	00146.1300W	498.7	06/19/2025	08:05:08.59	1.1	8	2.20	1.97	4.38	2.13	2.71	2.40	1.30	2.66	3.32	2.77	3.15	3.14
3826.4700N	00146.1305W	498.6	06/19/2025	08:05:09.64	1.1	8	2.05	1.98	4.36	2.13	2.80	2.40	1.57	2.66	3.57	2.76	3.39	3.15
3826.4697N	00146.1310W	498.6	06/19/2025	08:05:10.54	1.1	8	2.03	1.97	4.27	2.13	2.81	2.39	1.55	2.66	3.43	2.78	3.28	3.18
3826.4696N	00146.1316W	498.6	06/19/2025	08:05:11.59	1.1	8	2.02	1.97	4.24	2.13	2.79	2.39	1.45	2.66	3.35	2.78	3.33	3.17
3826.4696N	00146.1320W	498.5	06/19/2025	08:05:12.64	1.1	8	2.03	1.98	4.23	2.13	2.81	2.39	1.53	2.65	3.46	2.78	3.33	3.18
3826.4696N	00146.1325W	498.4	06/19/2025	08:05:13.54	1.1	8	2.19	1.97	4.47	2.12	3.04	2.39	1.78	2.65	3.72	2.79	3.69	3.18
3826.4697N	00146.1330W	498.1	06/19/2025	08:05:14.59	1.1	8	2.33	1.97	4.57	2.12	3.04	2.39	1.78	2.65	3.70	2.78	3.74	3.19
3826.4697N	00146.1336W	498.0	06/19/2025	08:05:15.64	1.1	8	2.15	1.97	4.45	2.12	3.03	2.39	1.86	2.65	3.81	2.79	3.95	3.15
3826.4696N	00146.1342W	498.0	06/19/2025	08:05:16.54	1.1	8	2.10	1.97	4.39	2.13	3.00	2.40	1.88	2.65	3.89	2.77	4.00	3.14
3826.4695N	00146.1347W	498.0	06/19/2025	08:05:17.59	1.1	8	2.20	1.97	4.61	2.12	3.23	2.39	2.05	2.66	4.16	2.79	4.22	3.17
3826.4693N	00146.1352W	498.0	06/19/2025	08:05:18.64	1.1	8	2.20	1.97	4.57	2.12	3.23	2.39	2.16	2.65	4.19	2.79	4.19	3.18
3826.4690N	00146.1357W	498.1	06/19/2025	08:05:19.54	1.1	8	2.26	1.97	4.73	2.12	3.38	2.39	2.33	2.65	4.45	2.77	4.64	3.15
3826.4687N	00146.1361W	498.2	06/19/2025	08:05:20.59	1.1	8	2.18	1.97	4.54	2.13	3.31	2.39	2.30	2.65	4.56	2.79	4.94	3.18
3826.4683N	00146.1365W	498.4	06/19/2025	08:05:21.64	1.1	8	2.23	1.97	4.66	2.12	3.48	2.39	2.50	2.65	4.67	2.78	5.12	3.20
3826.4679N	00146.1366W	498.6	06/19/2025	08:05:22.54	1.1	8	2.10	1.98	4.43	2.13	3.17	2.39	2.24	2.64	4.44	2.74	4.74	3.14
3826.4675N	00146.1366W	498.9	06/19/2025	08:05:23.59	1.1	8	2.22	1.97	4.64	2.12	3.44	2.39	2.51	2.65	4.64	2.78	5.03	3.18
3826.4675N	00146.1363W	498.9	06/19/2025	08:05:24.64	1.1	8	2.26	1.97	4.71	2.12	3.52	2.38	2.52	2.64	4.64	2.79	4.96	3.19
3826.4676N	00146.1360W	499.0	06/19/2025	08:05:25.54	1.1	8	2.37	1.97	4.83	2.12	3.65	2.39	2.64	2.65	4.61	2.80	4.64	3.18
3826.4676N	00146.1355W	499.0	06/19/2025	08:05:26.59	1.1	8	2.56	1.97	5.07	2.12	3.86	2.39	2.82	2.66	4.94	2.80	4.69	3.17
3826.4677N	00146.1349W	499.0	06/19/2025	08:05:27.64	1.1	8	2.60	1.97	5.05	2.12	3.82	2.39	2.76	2.67	4.88	2.79	4.87	3.17
3826.4678N	00146.1343W	499.0	06/19/2025	08:05:28.54	1.1	8	2.60	1.97	5.05	2.12	3.78	2.39	2.69	2.66	4.84	2.79	4.69	3.16
3826.4681N	00146.1338W	498.9	06/19/2025	08:05:29.59	1.1	8	2.45	1.97	4.87	2.12	3.61	2.39	2.49	2.67	4.57	2.81	4.54	3.17
3826.4683N	00146.1334W	498.9	06/19/2025	08:05:30.64	1.1	8	2.53	1.97	4.89	2.12	3.49	2.40	2.33	2.68	4.34	2.81	4.27	3.19
3826.4685N	00146.1329W	498.9	06/19/2025	08:05:31.54	1.1	8	2.26	1.97	4.64	2.12	3.32	2.39	2.27	2.66	4.40	2.79	4.32	3.15
3826.4687N	00146.1326W	498.9	06/19/2025	08:05:32.59	1.1	8	2.35	1.97	4.69	2.12	3.31	2.39	2.19	2.68	4.12	2.82	4.09	3.21
3826.4689N	00146.1324W	499.0	06/19/2025	08:05:33.64	1.1	8	2.31	1.97	4.73	2.12	3.30	2.39	2.03	2.67	3.93	2.79	3.91	3.17
3826.4691N	00146.1320W	499.1	06/19/2025	08:05:34.54	1.1	8	2.15	1.97	4.43	2.13	3.08	2.39	1.94	2.66	3.83	2.78	3.58	3.19
3826.4693N	00146.1316W	499.2	06/19/2025	08:05:35.59	1.1	8	2.17	1.97	4.51	2.12	3.11	2.39	1.85	2.66	3.67	2.79	3.44	3.20
3826.4695N	00146.1312W	499.2	06/19/2025	08:05:36.49	1.1	8	2.22	1.97	4.53	2.12	3.07	2.39	1.70	2.66	3.56	2.79	3.28	3.21
3826.4698N	00146.1306W	499.1	06/19/2025	08:05:37.54	1.1	8	2.13	1.97	4.43	2.12	2.98	2.39	1.65	2.66	3.43	2.79	3.14	3.16
3826.4700N	00146.1298W	499.2	06/19/2025	08:05:38.59	1.1	8	2.04	1.97	4.31	2.12	2.82	2.39	1.55	2.66	3.29	2.78	3.01	3.16
3826.4702N	00146.1291W	499.2	06/19/2025	08:05:39.49	1.1	8	2.05	1.97	4.24	2.12	2.67	2.40	1.32	2.65	3.09	2.77	2.89	3.16
3826.4705N	00146.1285W	499.2	06/19/2025	08:05:40.54	1.1	8	2.11	1.97	4.30	2.12	2.73	2.39	1.36	2.66	3.07	2.79	2.79	3.17
3826.4708N	00146.1278W	499.2	06/19/2025	08:05:41.59	1.1	8	2.09	1.97	4.34	2.12	2.71	2.39	1.24	2.66	3.03	2.79	2.74	3.19
3826.4711N	00146.1270W	499.3	06/19/2025	08:05:42.49	1.1	8	2.00	1.97	4.18	2.13	2.61	2.39	1.27	2.66	2.96	2.78	2.78	3.18
3826.4711N	00146.1264W	499.3	06/19/2025	08:05:43.54	1.1	8	2.13	1.97	4.41	2.12	2.84	2.39	1.38	2.68	3.13	2.84	2.70	3.23
3826.4708N	00146.1258W	499.4	06/19/2025	08:05:44.59	1.1	8	2.16	1.98	4.45	2.13	2.80	2.39	1.36	2.65	2.90	2.78	2.71	3.20
3826.4707N	00146.1253W	499.5	06/19/2025	08:05:45.49	1.1	8	1.98	1.97	4.20	2.12	2.80	2.39	1.54	2.64	3.28	2.77	3.12	3.15
3826.4708N	00146.1247W	499.5	06/19/2025	08:05:46.54	1.1	8	2.06	1.97	4.30	2.13	2.85	2.40	1.61	2.66	3.32	2.78	3.05	3.16
3826.4710N	00146.1243W	499.5	06/19/2025	08:05:47.59	1.1	8	2.36	1.97	4.77	2.12	3.15	2.39	1.73	2.66	3.53	2.79	3.28	3.18
3826.4714N	00146.1240W	499.5	06/19/2025	08:05:48.49	1.1	8	2.21	1.97	4.50	2.12	3.04	2.39	1.62	2.66	3.29	2.79	3.07	3.18
3826.4717N	00146.1236W	499.5	06/19/2025	08:05:49.54	1.1	8	2.19	1.97	4.52	2.12	3.05	2.39	1.77	2.66	3.59	2.80	3.39	3.20
3826.4720N	00146.1234W	499.4	06/19/2025	08:05:50.59	1.1	8	2.28	1.97	4.60	2.12	3.04	2.39	1.61	2.66	3.39	2.78	3.22	3.17
3826.4723N	00146.1229W	499.4	06/19/2025	08:05:51.49	1.1	8	2.25	1.97	4.58	2.12	3.12	2.39	1.85	2.66	3.82	2.78	3.51	3.16
3826.4724N	00146.1222W	499.4	06/19/2025	08:05:52.54	1.1	8	2.23	1.97	4.64	2.12	3.20	2.39	1.90	2.65	3.86	2.78	3.69	3.17
3826.4725N	00146.1215W	499.4	06/19/2025	08:05:53.59	1.1	8	2.26	1.97	4.66	2.12	3.31	2.39	2.03	2.66	3.97	2.78	3.58	3.14
3826.4725N	00146.1209W	499.4	06/19/2025	08:05:54.49	1.1	8	2.42	1.97	4.85	2.12	3.45	2.40	2.14	2.68	4.07	2.79	3.93	3.15
3826.4724N	00146.1203W	499.4	06/19/2025	08:05:55.54	1.1	8	2.14	1.98	4.50	2.13	3.10	2.39	1.99	2.65	4.07	2.77	4.12	3.15
3826.4722N	00146.1198W	499.3	06/19/2025	08:05:56.59	1.1	8	2.10	1.97	4.44	2.13	3.07	2.39	1.95	2.65	4.01	2.75	3.91	3.14
3826.4719N	00146.1195W	499.1	06/19/2025	08:05:57.49	1.1	8	2.03	1.98	4.38	2.13	2.94	2.39	1.89	2.64	3.86	2.75	3.67	3.17
3826.4714N	00146.1195W	498.9	06/19/2025	08:05:58.54	1.1	8	2.22	1.98	4.56	2.13	3.18	2.39	1.94	2.64	3.79	2.75	3.80	3.14
3826.4711N	00146.1196W	498.5	06/19/2025	08:05:59.59	1.1	8	2.12	1.98	4.42	2.14	3.19	2.41	2.05	2.65	3.99	2.77	4.00	3.17
3826.4708N	00146.1199W	498.2	06/19/2025	08:06:00.49	1.1	8	2.12	1.98	4.45	2.13	3.12	2.39	2.10	2.65	4.17	2.77	4.12	3.14
3826.4706N	00146.1205W	497.9	06/19/2025	08:06:01.54	1.1	8	2.16	1.98	4.54	2.13	3.23	2.39	2.21	2.65	4.53	2.77	4.56	3.16
3826.4705N	00146.1211W	497.5	06/19/2025	08:06:02.59	1.1	8	2.42	1.97	4.95	2.12	3.52	2.39	2.31	2.67	4.34	2.81	4.05	3.17
3826.4704N	00146.1216W	497.3	06/19/2025	08:06:03.49	1.1	8	2.15	1.98	4.54	2.13	3.10	2.39	1.99	2.65	4.04	2.78	3.83	3.17
3826.4701N	00146.1221W	497.1	06/19/2025	08:06:04.54	1.1	8	2.22	1.97	4.60	2.13	3.18	2.39	2.05	2.66	4.10	2.78	4.07	3.16
3826.4698N	00146.1225W	496.9	06/19/2025	08:06:05.59	1.1	8	2.13	1.98	4.52	2.13	3.10	2.39	1.92	2.65	3.87	2.78	3.84	3.16
3826.4696N	00146.1231W	496.7	06/19/2025	08:06:06.49	1.1	8	2.15	1.97	4.55	2.12	3.10	2.39	1.86	2.66	3.84	2.79	3.58	3.17
3826.4694N	00146.1236W	496.5	06/19/2025	08:06:07.54	1.1	8	2.29	1.97	4.67	2.12	3.13	2.39	1.91	2.67	3.89	2.80	3.53	3.15
3826.4692N	00146.1240W	496.3	06/19/2025	08:06:08.59	1.1	8	2.30	1.97	4.78	2.13	3.10	2.39	1.87	2.66	3.73	2.79	3.40	3.17
3826.4691N	00146.1245W	496.2	06/19/2025	08:06:09.49	1.1	8	2.13	1.97	4.49	2.12	3.00	2.39	1.80	2.66	3.70	2.79	3.46	3.16
3826.4690N	00146.1250W	496.0	06/19/2025	08:06:10.54	1.1	8	2.11	1.97	4.47	2.12	2.88	2.39	1.66	2.66	3.46	2.79	3.14	3.16
3826.4689N	00146.1257W	495.9	06/19/2025	08:06:11.59	1.1	8	2.03	1.98	4.28	2.13	2.70	2.39	1.53	2.65	3.34	2.78	3.07	3.15
3826.4686N	00146.1263W	496.0	06/19/2025	08:06:12.49	1.1	8	2.40	1.98	4.46	2.13	2.72	2.39	1.38	2.66	3.34	2.79	3.15	3.16
3826.4683N	00146.1268W	495.9	06/19/2025	08:06:13.54	1.1	8	2.07	1.97	4.34	2.13	2.80	2.39	1.54	2.65	3.32	2.80	3.18	3.19
3826.4680N	00146.1271W	495.8	06/19/2025	08:06:14.59	1.1	8	2.06	1.97	4.36	2.12	2.73	2.39	1.26	2.66	3.27	2.83	3.05	3.23
3826.4677N	00146.1276W	495.7	06/19/2025	08:06:15.49	1.1	8	2.03	1.97	4.44	2.12	2.75	2.39	1.45	2.66	3.41	2.81	3.25	3.19
3826.4674N	00146.1280W	495.5	06/19/2025	08:06:16.54	1.1	8	1.92	1.98	4.18	2.13	2.67	2.39	1.43	2.65	3.38	2.78	3.15	3.17
3826.4669N	00146.1284W	495.6	06/19/2025	08:06:17.59	1.1	8	1.97	1.97	4.20	2.13	2.72	2.39	1.39	2.67	3.35	2.80	3.30	3.16
3826.4665N	00146.1288W	495.7	06/19/2025	08:06:18.49	1.1	8	2.07	1.98	4.42	2.13	2.90	2.40	1.63	2.66	3.65	2.77	3.40	3.15
3826.4661N	00146.1294W	495.7	06/19/2025	08:06:19.54	1.1	8	2.18	1.97	4.54	2.13	3.08	2.40	1.83	2.66	3.83	2.79	3.70	3.16
3826.4657N	00146.1300W	495.8	06/19/2025	08:06:20.59	1.1	7	2.32	1.97	4.71	2.13	3.23	2.39	1.98	2.66	4.05	2.77	3.95	3.17
3826.4655N	00146.1305W	495.9	06/19/2025	08:06:21.49	1.1	8	2.47	1.97	4.88	2.12	3.30	2.39	2.05	2.66	4.24	2.79	4.19	3.19
3826.4654N	00146.1310W	495.8	06/19/2025	08:06:22.54	1.1	8	2.21	1.97	4.63	2.12	3.32	2.39	2.11	2.65	4.31	2.78	4.29	3.18
3826.4653N	00146.1315W	495.6	06/19/2025	08:06:23.59	1.1	8	2.26	1.97	4.75	2.12	3.42	2.39	2.27	2.65	4.59	2.77	4.66	3.18
3826.4652N	00146.1319W	495.3	06/19/2025	08:06:24.49	1.1	8	2.56	1.97	5.31	2.12	3.88	2.38	2.78	2.65	5.02	2.79	4.92	3.17
3826.4651N	00146.1324W	495.0	06/19/2025	08:06:25.54	1.1	8	2.44	1.97	5.00	2.12	3.78	2.38	2.67	2.65	4.89	2.78	4.88	3.18
3826.4651N	00146.1330W	494.7	06/19/2025	08:06:26.59	1.1	8	2.32	1.97	4.83	2.12	3.57	2.39	2.45	2.65	4.69	2.78	4.73	3.17
3826.4651N	00146.1336W	494.7	06/19/2025	08:06:27.49	1.1	8	2.31	1.97	4.85	2.13	3.51	2.39	2.39	2.65	4.72	2.77	4.76	3.15
3826.4649N	00146.1341W	494.8	06/19/2025	08:06:28.54	1.1	8	2.32	1.98	4.71	2.13	3.35	2.40	2.29	2.66	4.46	2.78	4.49	3.17
3826.4648N	00146.1347W	494.9	06/19/2025	08:06:29.59	1.1	8	2.30	1.97	4.75	2.13	3.41	2.40	2.38	2.66	4.48	2.79	4.52	3.15
3826.4649N	00146.1353W	494.8	06/19/2025	08:06:30.49	1.1	8	2.51	1.97	4.98	2.12	3.60	2.40	2.58	2.68	4.75	2.80	4.82	3.17
3826.4650N	00146.1356W	494.8	06/19/2025	08:06:31.54	1.1	8	2.74	1.97	5.15	2.12	3.78	2.41	2.65	2.68	4.78	2.81	4.91	3.17
3826.4653N	00146.1357W	494.7	06/19/2025	08:06:32.44	1.1	8	2.52	1.97	5.03	2.12	3.78	2.39	2.73	2.68	4.95	2.80	5.15	3.17
3826.4657N	00146.1357W	494.7	06/19/2025	08:06:33.49	1.1	8	2.45	1.98	5.00	2.13	3.67	2.40	2.66	2.67	4.96	2.78	5.12	3.16
3826.4660N	00146.1358W	494.7	06/19/2025	08:06:34.54	1.1	8	2.64	1.97	5.07	2.13	3.72	2.43	2.72	2.70	4.89	2.82	5.00	3.18
3826.4665N	00146.1359W	494.5	06/19/2025	08:06:35.44	1.1	8	2.80	1.96	5.22	2.12	3.88	2.41	2.83	2.69	4.95	2.81	4.97	3.19
3826.4671N	00146.1361W	494.4	06/19/2025	08:06:36.49	1.1	8	2.62	1.97	5.07	2.12	3.68	2.40	2.58	2.69	4.71	2.82	4.71	3.19
3826.4675N	00146.1362W	494.2	06/19/2025	08:06:37.54	1.1	8	2.53	1.97	4.98	2.12	3.61	2.40	2.45	2.69	4.65	2.82	4.77	3.17
3826.4680N	00146.1363W	494.0	06/19/2025	08:06:38.44	1.1	8	2.31	1.97	4.76	2.13	3.43	2.40	2.32	2.67	4.47	2.80	4.62	3.18
3826.4685N	00146.1365W	493.9	06/19/2025	08:06:39.49	1.1	8	2.04	1.98	4.43	2.13	3.21	2.40	2.16	2.65	4.35	2.78	4.59	3.15
3826.4689N	00146.1365W	493.8	06/19/2025	08:06:40.54	1.1	8	2.25	1.97	4.75	2.12	3.48	2.39	2.22	2.67	4.35	2.80	4.46	3.16
3826.4694N	00146.1365W	493.6	06/19/2025	08:06:41.44	1.1	8	2.28	1.97	4.72	2.12	3.37	2.40	2.16	2.66	4.26	2.80	4.40	3.18
3826.4699N	00146.1367W	493.4	06/19/2025	08:06:42.48	1.1	8	2.48	1.97	4.86	2.12	3.38	2.41	2.20	2.68	4.41	2.81	4.46	3.18
3826.4704N	00146.1370W	493.1	06/19/2025	08:06:43.53	1.1	8	2.65	1.96	4.90	2.12	3.41	2.41	2.23	2.69	4.40	2.82	4.40	3.20
3826.4709N	00146.1373W	493.0	06/19/2025	08:06:44.44	1.1	8	2.54	1.97	4.89	2.12	3.44	2.40	2.27	2.68	4.42	2.81	4.40	3.18
3826.4714N	00146.1375W	492.8	06/19/2025	08:06:45.48	1.1	8	2.24	1.98	4.66	2.13	3.32	2.40	2.30	2.65	4.28	2.79	4.43	3.19
3826.4718N	00146.1377W	492.6	06/19/2025	08:06:46.53	1.1	8	2.22	1.97	4.71	2.12	3.30	2.39	2.19	2.66	4.26	2.81	4.49	3.18
3826.4723N	00146.1378W	492.5	06/19/2025	08:06:47.43	1.1	8	2.34	1.97	4.81	2.12	3.39	2.40	2.24	2.67	4.38	2.82	4.51	3.19
3826.4728N	00146.1378W	492.3	06/19/2025	08:06:48.49	1.1	8	2.55	1.97	4.97	2.12	3.48	2.41	2.38	2.68	4.42	2.82	4.64	3.18
3826.4733N	00146.1379W	492.1	06/19/2025	08:06:49.54	1.1	8	2.64	1.97	5.12	2.12	3.68	2.41	2.47	2.69	4.52	2.84	4.45	3.22
3826.4739N	00146.1382W	491.9	06/19/2025	08:06:50.43	1.1	8	2.66	1.97	5.21	2.11	3.82	2.40	2.72	2.68	4.80	2.83	4.68	3.22
3826.4744N	00146.1384W	491.7	06/19/2025	08:06:51.48	1.1	8	3.01	1.96	5.34	2.12	3.85	2.42	2.68	2.70	4.85	2.84	4.76	3.20
3826.4748N	00146.1387W	491.6	06/19/2025	08:06:52.54	1.1	8	2.73	1.97	5.20	2.12	3.78	2.40	2.64	2.67	4.86	2.85	4.89	3.30
3826.4751N	00146.1389W	491.5	06/19/2025	08:06:53.43	1.1	8	2.55	1.97	5.19	2.12	3.85	2.40	2.73	2.68	4.77	2.82	4.69	3.11