Latitude	Longitude	Altitude	Date	Time	DOP	Satelites	Cond.1 [mS/m]	Inph.1 [ppt]	Cond.2 [mS/m]	Inph.2 [ppt]	Cond.3 [mS/m]	Inph.3 [ppt]	Cond.4 [mS/m]	Inph.4 [ppt]	Cond.5 [mS/m]	Inph.5 [ppt]	Cond.6 [mS/m]	Inph.6 [ppt]	Note
3826.4527N	00146.1832W	504.9	06/19/2025	08:10:40.28	3.6	5	1.99	2.00	4.29	2.16	2.82	2.42	1.38	2.69	3.37	2.84	3.06	3.22
3826.4529N	00146.1850W	505.5	06/19/2025	08:10:41.18	3.6	5	1.98	2.00	4.30	2.15	2.88	2.42	1.43	2.69	3.42	2.84	3.05	3.24
3826.4528N	00146.1855W	505.6	06/19/2025	08:10:42.23	3.6	5	1.92	2.00	4.24	2.16	2.84	2.42	1.46	2.70	3.39	2.85	3.19	3.24
3826.4526N	00146.1857W	505.6	06/19/2025	08:10:43.28	3.6	5	1.90	2.00	4.26	2.16	2.88	2.42	1.51	2.68	3.43	2.83	3.15	3.21
3826.4525N	00146.1860W	505.4	06/19/2025	08:10:44.18	3.6	5	1.91	2.00	4.26	2.16	2.90	2.42	1.53	2.69	3.50	2.84	3.31	3.22
3826.4523N	00146.1864W	505.4	06/19/2025	08:10:45.23	3.6	5	1.93	2.01	4.30	2.16	2.91	2.43	1.57	2.68	3.71	2.80	3.45	3.21
3826.4521N	00146.1867W	505.6	06/19/2025	08:10:46.28	3.6	5	2.17	2.00	4.55	2.16	3.15	2.43	1.81	2.69	3.85	2.82	3.74	3.21
3826.4519N	00146.1870W	505.7	06/19/2025	08:10:47.18	3.6	5	2.12	2.01	4.45	2.16	3.12	2.43	1.79	2.67	3.83	2.79	3.72	3.15
3826.4518N	00146.1874W	505.8	06/19/2025	08:10:48.23	3.6	5	1.97	2.01	4.33	2.16	3.05	2.43	1.72	2.68	3.73	2.80	3.53	3.18
3826.4517N	00146.1877W	505.9	06/19/2025	08:10:49.28	3.6	5	1.96	2.01	4.31	2.16	3.06	2.43	1.82	2.68	3.97	2.79	4.08	3.18
3826.4517N	00146.1881W	505.8	06/19/2025	08:10:50.18	3.6	5	2.02	2.01	4.42	2.16	3.11	2.43	1.83	2.68	4.03	2.79	4.11	3.14
3826.4516N	00146.1881W	505.2	06/19/2025	08:10:51.23	3.6	5	2.12	2.00	4.60	2.16	3.42	2.43	2.22	2.69	4.46	2.81	4.46	3.18
3826.4517N	00146.1884W	504.9	06/19/2025	08:10:52.28	3.6	5	2.08	2.00	4.54	2.16	3.34	2.43	2.13	2.68	4.31	2.80	4.35	3.17
3826.4518N	00146.1887W	504.6	06/19/2025	08:10:53.18	3.6	5	1.94	2.00	4.33	2.16	3.07	2.43	1.89	2.67	3.93	2.79	4.00	3.16
3826.4520N	00146.1891W	504.2	06/19/2025	08:10:54.23	3.6	5	2.02	2.00	4.43	2.16	3.16	2.43	2.00	2.68	4.09	2.81	4.05	3.18
3826.4520N	00146.1896W	503.9	06/19/2025	08:10:55.28	3.6	5	2.09	2.00	4.49	2.16	3.22	2.42	2.07	2.68	4.06	2.81	4.01	3.18
3826.4521N	00146.1902W	503.8	06/19/2025	08:10:56.18	3.6	5	2.14	2.00	4.57	2.16	3.31	2.43	2.14	2.68	3.97	2.81	3.49	3.17
3826.4521N	00146.1908W	503.8	06/19/2025	08:10:57.23	3.6	5	2.15	2.00	4.52	2.16	3.21	2.42	1.94	2.67	3.66	2.80	3.32	3.22
3826.4522N	00146.1915W	503.7	06/19/2025	08:10:58.28	3.6	5	1.95	2.00	4.33	2.16	2.92	2.43	1.66	2.68	3.48	2.81	3.34	3.20
3826.4522N	00146.1922W	503.7	06/19/2025	08:10:59.18	3.6	5	1.98	2.00	4.35	2.15	2.93	2.42	1.67	2.68	3.60	2.81	3.46	3.19
3826.4522N	00146.1928W	503.7	06/19/2025	08:11:00.23	3.6	5	1.86	2.01	4.17	2.16	2.75	2.43	1.57	2.68	3.44	2.79	3.34	3.15
3826.4521N	00146.1936W	504.3	06/19/2025	08:11:01.13	3.6	5	1.94	2.01	4.25	2.16	2.85	2.43	1.73	2.68	3.68	2.79	3.79	3.18
3826.4521N	00146.1941W	504.2	06/19/2025	08:11:02.18	3.6	5	1.88	2.00	4.21	2.16	2.89	2.43	1.79	2.68	3.90	2.81	3.99	3.19
3826.4520N	00146.1945W	504.2	06/19/2025	08:11:03.23	3.6	5	1.95	2.00	4.32	2.16	3.06	2.43	1.95	2.68	4.11	2.81	4.24	3.19
3826.4521N	00146.1963W	505.8	06/19/2025	08:11:04.13	1.4	6	2.19	2.00	4.74	2.16	3.48	2.42	2.47	2.68	4.57	2.81	4.71	3.20
3826.4521N	00146.1967W	505.4	06/19/2025	08:11:05.18	1.4	6	2.28	2.00	4.87	2.15	3.73	2.43	2.73	2.69	4.88	2.82	4.81	3.19
3826.4519N	00146.1971W	505.4	06/19/2025	08:11:06.23	1.4	6	2.06	2.01	4.53	2.16	3.28	2.43	2.20	2.67	4.22	2.80	4.00	3.19
3826.4517N	00146.1977W	505.3	06/19/2025	08:11:07.13	1.4	6	2.13	2.00	4.60	2.15	3.40	2.42	2.34	2.67	4.28	2.82	4.37	3.21
3826.4516N	00146.1983W	505.3	06/19/2025	08:11:08.18	1.4	6	1.99	2.00	4.42	2.16	3.17	2.43	2.08	2.69	4.19	2.83	4.29	3.23
3826.4513N	00146.1988W	505.4	06/19/2025	08:11:09.23	1.4	6	2.40	2.00	4.84	2.16	3.48	2.44	2.31	2.72	4.26	2.87	4.31	3.25
3826.4510N	00146.1989W	505.5	06/19/2025	08:11:10.13	1.4	6	2.30	2.00	4.77	2.15	3.52	2.42	2.56	2.69	4.68	2.84	4.90	3.20
3826.4506N	00146.1994W	506.4	06/19/2025	08:11:11.18	1.4	6	2.71	2.00	5.25	2.15	4.06	2.43	3.14	2.70	5.71	2.85	6.32	3.21
3826.4503N	00146.1987W	505.9	06/19/2025	08:11:12.23	1.4	6	2.63	2.00	5.48	2.15	4.77	2.43	4.30	2.70	7.18	2.85	8.13	3.18
3826.4501N	00146.1981W	505.6	06/19/2025	08:11:13.13	1.4	6	2.89	2.00	5.95	2.15	5.45	2.42	5.15	2.69	8.35	2.83	9.39	3.19
3826.4501N	00146.1973W	505.2	06/19/2025	08:11:14.18	1.4	6	3.32	2.00	6.54	2.15	6.17	2.43	5.95	2.71	9.09	2.83	9.99	3.18
3826.4501N	00146.1963W	504.9	06/19/2025	08:11:15.23	1.4	6	3.01	2.00	6.23	2.16	5.96	2.43	5.89	2.68	9.18	2.82	9.52	3.20
3826.4501N	00146.1955W	504.7	06/19/2025	08:11:16.13	1.4	6	3.31	2.00	6.55	2.15	6.24	2.43	5.84	2.69	8.51	2.84	8.70	3.20
3826.4501N	00146.1947W	504.4	06/19/2025	08:11:17.18	1.4	6	3.41	2.00	6.78	2.15	6.58	2.43	6.38	2.70	9.29	2.81	8.80	3.17
3826.4501N	00146.1939W	504.2	06/19/2025	08:11:18.23	1.4	6	2.91	2.00	5.92	2.16	5.20	2.43	4.48	2.69	6.71	2.82	6.41	3.18
3826.4500N	00146.1931W	504.0	06/19/2025	08:11:19.13	1.4	6	2.34	2.00	5.02	2.16	4.09	2.42	3.25	2.68	5.49	2.81	5.63	3.17
3826.4500N	00146.1923W	503.8	06/19/2025	08:11:20.18	1.4	6	2.29	2.00	4.84	2.15	3.70	2.43	2.76	2.70	4.90	2.83	5.27	3.21
3826.4499N	00146.1916W	503.6	06/19/2025	08:11:21.23	1.4	6	2.01	2.00	4.46	2.16	3.29	2.43	2.33	2.69	4.50	2.81	4.90	3.16
3826.4498N	00146.1910W	503.5	06/19/2025	08:11:22.13	1.4	6	1.86	2.00	4.29	2.16	3.09	2.43	2.11	2.68	4.06	2.79	4.34	3.16
3826.4498N	00146.1906W	503.6	06/19/2025	08:11:23.18	1.4	6	1.96	2.00	4.39	2.16	3.11	2.43	2.04	2.69	4.03	2.80	4.30	3.18
3826.4499N	00146.1901W	503.6	06/19/2025	08:11:24.23	1.4	6	1.93	2.00	4.35	2.16	3.08	2.43	1.98	2.69	4.06	2.81	4.18	3.21
3826.4499N	00146.1896W	503.6	06/19/2025	08:11:25.13	1.4	6	1.94	2.00	4.39	2.16	3.09	2.43	1.95	2.69	4.00	2.83	4.14	3.22
3826.4498N	00146.1891W	503.7	06/19/2025	08:11:26.18	1.4	6	2.07	2.00	4.54	2.15	3.24	2.42	2.11	2.69	4.06	2.82	4.12	3.21
3826.4498N	00146.1885W	503.6	06/19/2025	08:11:27.23	1.4	6	2.18	2.00	4.71	2.15	3.53	2.42	2.53	2.69	4.66	2.82	4.79	3.22
3826.4499N	00146.1879W	503.5	06/19/2025	08:11:28.13	1.4	6	2.38	2.00	5.09	2.15	4.00	2.42	3.13	2.69	5.34	2.81	5.53	3.21
3826.4500N	00146.1873W	503.4	06/19/2025	08:11:29.18	1.4	6	2.30	2.00	4.99	2.16	4.03	2.42	3.23	2.67	5.32	2.76	5.04	3.16
3826.4501N	00146.1865W	503.2	06/19/2025	08:11:30.23	1.4	6	2.25	2.01	4.92	2.16	3.99	2.43	3.01	2.67	4.87	2.74	4.37	3.14
3826.4501N	00146.1859W	503.1	06/19/2025	08:11:31.13	1.4	6	2.54	2.00	5.36	2.16	4.43	2.42	3.32	2.68	5.07	2.79	4.44	3.17
3826.4502N	00146.1854W	503.0	06/19/2025	08:11:32.18	1.4	6	2.78	2.01	5.55	2.16	4.59	2.44	3.61	2.69	5.47	2.82	5.19	3.21
3826.4502N	00146.1849W	502.8	06/19/2025	08:11:33.23	1.4	6	2.38	2.00	5.08	2.16	4.03	2.43	3.04	2.68	5.02	2.79	4.84	3.19
3826.4503N	00146.1844W	502.8	06/19/2025	08:11:34.13	1.2	7	2.25	2.00	4.81	2.16	3.68	2.43	2.62	2.68	4.58	2.79	4.31	3.17
3826.4505N	00146.1838W	502.7	06/19/2025	08:11:35.18	1.2	7	2.22	2.00	4.79	2.15	3.54	2.43	2.45	2.69	4.33	2.82	4.06	3.19
3826.4507N	00146.1831W	502.6	06/19/2025	08:11:36.22	1.2	7	2.23	2.00	4.74	2.15	3.44	2.43	2.39	2.70	4.25	2.81	4.11	3.20
3826.4508N	00146.1825W	502.6	06/19/2025	08:11:37.12	1.2	7	2.28	2.00	4.67	2.15	3.28	2.44	2.14	2.72	4.17	2.84	4.22	3.23
3826.4512N	00146.1820W	502.7	06/19/2025	08:11:38.17	1.2	7	2.14	2.00	4.48	2.15	3.01	2.44	1.83	2.71	3.68	2.83	3.49	3.21
3826.4515N	00146.1813W	502.7	06/19/2025	08:11:39.23	1.2	7	2.01	2.00	4.41	2.16	2.90	2.43	1.70	2.70	3.54	2.82	3.22	3.22
3826.4517N	00146.1805W	502.8	06/19/2025	08:11:40.12	1.1	8	1.97	2.00	4.36	2.15	2.89	2.43	1.54	2.69	3.30	2.82	3.20	3.23
3826.4517N	00146.1798W	502.8	06/19/2025	08:11:41.17	1.1	8	2.04	2.00	4.44	2.15	2.97	2.43	1.75	2.71	3.63	2.86	3.33	3.28
3826.4516N	00146.1792W	502.8	06/19/2025	08:11:42.22	1.1	8	2.32	2.00	4.94	2.16	3.63	2.46	2.39	2.77	3.98	2.93	3.21	3.34
3826.4514N	00146.1787W	502.8	06/19/2025	08:11:43.12	1.1	8	3.06	2.01	5.73	2.17	4.16	2.46	2.67	2.75	4.17	2.91	3.40	3.34
3826.4511N	00146.1784W	502.9	06/19/2025	08:11:44.18	1.1	8	2.03	2.00	4.42	2.15	2.94	2.42	1.68	2.69	3.45	2.83	3.03	3.22
3826.4507N	00146.1783W	502.9	06/19/2025	08:11:45.22	1.1	8	2.06	2.01	4.34	2.16	2.93	2.43	1.71	2.69	3.60	2.80	3.27	3.22
3826.4501N	00146.1785W	503.0	06/19/2025	08:11:46.12	1.1	8	1.84	2.01	4.23	2.16	2.95	2.43	1.78	2.68	3.66	2.79	3.52	3.21
3826.4498N	00146.1789W	503.0	06/19/2025	08:11:47.17	1.1	8	1.79	2.01	4.22	2.16	3.08	2.43	1.94	2.69	3.93	2.82	3.88	3.22
3826.4496N	00146.1794W	503.1	06/19/2025	08:11:48.22	1.1	8	1.99	2.01	4.46	2.16	3.17	2.43	2.00	2.68	4.08	2.80	3.96	3.18
3826.4496N	00146.1801W	503.3	06/19/2025	08:11:49.13	1.1	8	2.06	2.01	4.52	2.16	3.24	2.43	2.09	2.68	4.12	2.80	4.03	3.19
3826.4495N	00146.1808W	503.4	06/19/2025	08:11:50.17	1.1	8	2.17	2.00	4.70	2.15	3.45	2.43	2.36	2.69	4.49	2.81	4.47	3.20
3826.4494N	00146.1815W	503.5	06/19/2025	08:11:51.22	1.1	8	2.10	2.01	4.68	2.16	3.54	2.43	2.51	2.68	4.59	2.81	4.32	3.20
3826.4493N	00146.1823W	503.5	06/19/2025	08:11:52.12	1.1	8	2.42	2.00	5.11	2.15	4.05	2.42	3.00	2.68	4.86	2.81	3.99	3.24
3826.4492N	00146.1829W	503.6	06/19/2025	08:11:53.17	1.1	8	2.38	2.01	5.04	2.16	3.99	2.42	2.94	2.68	4.79	2.80	4.18	3.21
3826.4490N	00146.1836W	503.8	06/19/2025	08:11:54.22	1.1	8	1.92	2.01	4.31	2.16	3.06	2.43	1.97	2.68	3.96	2.78	3.66	3.21
3826.4489N	00146.1840W	504.0	06/19/2025	08:11:55.13	1.1	8	1.78	2.01	4.08	2.16	2.74	2.44	1.58	2.69	3.60	2.78	3.26	3.17
3826.4488N	00146.1841W	504.0	06/19/2025	08:11:56.17	1.1	8	1.92	2.01	4.37	2.16	3.13	2.43	1.99	2.68	4.02	2.80	3.84	3.21
3826.4488N	00146.1845W	504.1	06/19/2025	08:11:57.22	1.1	8	2.10	2.00	4.53	2.15	3.20	2.43	2.02	2.69	4.04	2.82	4.11	3.20
3826.4488N	00146.1850W	504.2	06/19/2025	08:11:58.12	1.1	8	2.00	2.00	4.44	2.16	3.25	2.43	2.14	2.68	4.13	2.79	4.09	3.19
3826.4489N	00146.1856W	504.2	06/19/2025	08:11:59.17	1.1	8	1.97	2.01	4.45	2.16	3.26	2.43	2.21	2.69	4.27	2.79	4.10	3.18
3826.4491N	00146.1861W	504.1	06/19/2025	08:12:00.22	1.1	8	2.04	2.01	4.59	2.16	3.47	2.43	2.44	2.69	4.65	2.80	4.60	3.19
3826.4492N	00146.1866W	504.2	06/19/2025	08:12:01.12	1.1	8	2.09	2.00	4.69	2.16	3.59	2.43	2.46	2.68	4.65	2.78	4.44	3.19
3826.4491N	00146.1871W	504.2	06/19/2025	08:12:02.18	1.1	8	2.06	2.01	4.59	2.16	3.33	2.43	2.21	2.68	4.18	2.79	4.22	3.20
3826.4490N	00146.1876W	504.3	06/19/2025	08:12:03.23	1.1	8	1.91	2.01	4.35	2.17	3.07	2.44	1.92	2.69	3.99	2.78	4.26	3.18
3826.4489N	00146.1882W	504.3	06/19/2025	08:12:04.12	1.1	8	1.98	2.00	4.45	2.16	3.23	2.43	2.10	2.69	4.06	2.79	4.24	3.18
3826.4489N	00146.1888W	504.3	06/19/2025	08:12:05.17	1.1	8	2.03	2.00	4.53	2.16	3.26	2.43	1.99	2.69	3.73	2.80	3.70	3.21
3826.4489N	00146.1894W	504.3	06/19/2025	08:12:06.22	1.1	8	1.92	2.00	4.37	2.16	3.07	2.43	1.96	2.69	4.09	2.79	4.07	3.16
3826.4489N	00146.1899W	504.3	06/19/2025	08:12:07.12	1.1	8	1.98	2.00	4.48	2.16	3.12	2.43	1.98	2.70	4.06	2.80	4.49	3.17
3826.4489N	00146.1905W	504.4	06/19/2025	08:12:08.17	1.1	8	2.03	2.00	4.48	2.16	3.24	2.44	2.19	2.70	4.43	2.81	4.94	3.20
3826.4488N	00146.1913W	504.4	06/19/2025	08:12:09.22	1.1	8	2.06	2.00	4.61	2.16	3.43	2.43	2.48	2.70	4.87	2.81	5.52	3.20
3826.4488N	00146.1919W	504.4	06/19/2025	08:12:10.12	1.1	8	2.23	2.00	4.87	2.15	3.70	2.43	2.79	2.70	5.17	2.83	5.81	3.23
3826.4487N	00146.1926W	504.4	06/19/2025	08:12:11.17	1.1	8	2.25	2.00	4.99	2.16	4.04	2.43	3.29	2.70	5.84	2.81	6.12	3.19
3826.4485N	00146.1934W	504.5	06/19/2025	08:12:12.07	1.1	8	2.50	2.00	5.42	2.16	4.84	2.43	4.39	2.69	7.57	2.79	8.78	3.13
3826.4484N	00146.1941W	504.7	06/19/2025	08:12:13.12	1.1	8	3.51	2.00	6.77	2.16	6.55	2.43	6.53	2.70	10.46	2.80	12.33	3.16
3826.4483N	00146.1947W	504.7	06/19/2025	08:12:14.17	1.1	8	2.92	2.00	6.19	2.16	6.04	2.43	6.11	2.70	10.10	2.80	12.22	3.18
3826.4482N	00146.1953W	504.8	06/19/2025	08:12:15.07	1.1	8	3.22	2.00	6.65	2.15	6.54	2.43	6.52	2.70	10.36	2.81	12.02	3.16
3826.4483N	00146.1959W	504.8	06/19/2025	08:12:16.12	1.1	8	3.06	2.00	6.45	2.16	6.41	2.43	6.43	2.69	10.19	2.79	11.59	3.15
3826.4483N	00146.1966W	504.9	06/19/2025	08:12:17.17	1.1	8	3.05	2.00	6.36	2.16	6.21	2.43	5.99	2.69	9.51	2.79	10.79	3.15
3826.4481N	00146.1970W	504.9	06/19/2025	08:12:18.07	1.1	8	2.62	2.00	5.65	2.16	5.29	2.43	5.10	2.69	8.62	2.77	10.25	3.12
3826.4478N	00146.1972W	505.0	06/19/2025	08:12:19.12	1.1	8	2.71	2.00	5.85	2.16	5.62	2.43	5.52	2.69	9.01	2.80	10.46	3.17
3826.4475N	00146.1975W	505.3	06/19/2025	08:12:20.17	1.1	8	2.36	2.00	5.23	2.16	4.62	2.44	4.34	2.69	7.83	2.78	9.68	3.14
3826.4472N	00146.1976W	505.5	06/19/2025	08:12:21.07	1.1	8	3.42	2.00	7.01	2.15	7.12	2.43	7.22	2.70	11.12	2.81	12.70	3.16
3826.4468N	00146.1976W	505.7	06/19/2025	08:12:22.12	1.1	8	3.31	2.00	6.85	2.16	7.00	2.43	7.14	2.70	11.01	2.80	12.83	3.16
3826.4465N	00146.1975W	505.8	06/19/2025	08:12:23.17	1.1	8	3.48	2.00	7.06	2.15	7.19	2.43	7.30	2.71	11.19	2.81	13.14	3.17
3826.4463N	00146.1971W	506.0	06/19/2025	08:12:24.07	1.1	8	3.62	2.00	7.03	2.15	6.91	2.44	6.92	2.73	10.67	2.84	12.25	3.20
3826.4462N	00146.1967W	506.0	06/19/2025	08:12:25.12	1.1	8	3.23	2.00	6.50	2.15	6.18	2.43	5.93	2.72	9.26	2.84	10.85	3.23
3826.4460N	00146.1962W	506.1	06/19/2025	08:12:26.17	1.1	8	2.99	2.00	6.08	2.15	5.58	2.43	5.10	2.71	8.25	2.84	9.60	3.23
3826.4459N	00146.1956W	506.3	06/19/2025	08:12:27.07	1.1	8	2.80	2.00	5.79	2.15	5.18	2.43	4.62	2.71	7.65	2.83	9.09	3.21
3826.4458N	00146.1952W	506.3	06/19/2025	08:12:28.12	1.1	8	2.54	2.00	5.39	2.16	4.77	2.43	4.24	2.70	7.30	2.81	8.77	3.16
3826.4457N	00146.1950W	506.3	06/19/2025	08:12:29.17	1.1	8	2.41	2.00	5.28	2.16	4.62	2.43	4.11	2.69	7.13	2.81	8.50	3.20
3826.4457N	00146.1949W	506.3	06/19/2025	08:12:30.07	1.1	8	2.68	2.00	5.63	2.15	4.86	2.43	4.18	2.71	7.16	2.83	8.46	3.22
3826.4458N	00146.1945W	506.3	06/19/2025	08:12:31.12	1.1	8	2.56	2.00	5.41	2.15	4.65	2.43	3.95	2.71	6.86	2.82	8.30	3.20
3826.4459N	00146.1939W	506.3	06/19/2025	08:12:32.17	1.1	8	2.66	2.00	5.50	2.15	4.61	2.43	3.84	2.72	6.62	2.84	7.83	3.23
3826.4460N	00146.1933W	506.2	06/19/2025	08:12:33.07	1.1	8	2.57	2.00	5.31	2.15	4.42	2.42	3.65	2.70	6.30	2.83	7.36	3.22
3826.4461N	00146.1927W	506.2	06/19/2025	08:12:34.12	1.1	8	2.58	2.00	5.35	2.14	4.46	2.43	3.68	2.72	6.28	2.84	7.35	3.23
3826.4461N	00146.1919W	506.1	06/19/2025	08:12:35.17	1.1	8	2.69	1.99	5.37	2.14	4.46	2.44	3.76	2.73	6.54	2.84	7.59	3.20
3826.4462N	00146.1912W	506.2	06/19/2025	08:12:36.07	1.1	8	2.80	1.99	5.59	2.14	4.69	2.43	3.93	2.72	6.54	2.81	7.10	3.17
3826.4464N	00146.1906W	506.2	06/19/2025	08:12:37.12	1.1	8	2.61	2.00	5.41	2.15	4.50	2.44	3.61	2.71	6.01	2.82	6.07	3.18
3826.4466N	00146.1901W	506.0	06/19/2025	08:12:38.17	1.1	8	2.45	2.00	5.27	2.15	4.35	2.43	3.49	2.71	5.85	2.81	5.68	3.19
3826.4467N	00146.1897W	505.9	06/19/2025	08:12:39.07	1.1	8	2.48	2.00	5.29	2.15	4.23	2.43	3.17	2.71	5.24	2.81	4.73	3.21
3826.4468N	00146.1892W	505.8	06/19/2025	08:12:40.12	1.1	8	2.44	2.00	5.08	2.15	3.88	2.43	2.74	2.71	4.77	2.81	4.35	3.20
3826.4470N	00146.1887W	505.6	06/19/2025	08:12:41.17	1.1	8	2.14	2.00	4.72	2.15	3.52	2.43	2.43	2.70	4.35	2.80	4.27	3.19
3826.4473N	00146.1884W	505.6	06/19/2025	08:12:42.07	1.1	8	2.06	2.00	4.61	2.15	3.36	2.43	2.24	2.70	4.42	2.80	4.49	3.19
3826.4475N	00146.1880W	505.5	06/19/2025	08:12:43.12	1.1	8	2.02	2.00	4.56	2.15	3.35	2.43	2.16	2.70	4.21	2.81	4.33	3.21
3826.4475N	00146.1875W	505.5	06/19/2025	08:12:44.17	1.1	8	1.96	2.00	4.45	2.15	3.12	2.43	1.92	2.71	3.97	2.82	4.25	3.19
3826.4475N	00146.1868W	505.5	06/19/2025	08:12:45.07	1.1	8	1.95	2.00	4.45	2.15	3.09	2.43	1.92	2.70	3.99	2.80	4.07	3.21
3826.4477N	00146.1862W	505.4	06/19/2025	08:12:46.12	1.1	8	2.01	2.00	4.50	2.14	3.11	2.43	1.80	2.72	3.89	2.85	3.93	3.26
3826.4479N	00146.1856W	505.4	06/19/2025	08:12:47.17	1.1	8	2.16	1.99	4.61	2.14	3.19	2.43	1.80	2.72	3.80	2.86	3.76	3.27
3826.4482N	00146.1850W	505.3	06/19/2025	08:12:48.07	1.1	8	2.20	2.00	4.68	2.14	3.24	2.42	1.94	2.72	3.82	2.86	3.75	3.28
3826.4484N	00146.1843W	505.2	06/19/2025	08:12:49.12	1.1	8	2.34	1.99	4.73	2.14	3.23	2.44	1.97	2.74	3.84	2.86	3.95	3.26
3826.4487N	00146.1836W	505.2	06/19/2025	08:12:50.17	1.1	8	2.46	1.99	4.83	2.14	3.33	2.45	2.13	2.76	4.18	2.87	4.28	3.25
3826.4489N	00146.1829W	505.2	06/19/2025	08:12:51.07	1.1	8	2.44	1.99	4.90	2.14	3.60	2.44	2.44	2.73	4.51	2.85	4.33	3.25
3826.4491N	00146.1822W	505.1	06/19/2025	08:12:52.12	1.1	8	2.83	1.99	5.38	2.14	4.15	2.45	3.01	2.74	4.91	2.85	4.44	3.24
3826.4493N	00146.1814W	505.1	06/19/2025	08:12:53.17	1.1	8	2.69	1.99	5.53	2.14	4.42	2.42	3.23	2.70	5.00	2.83	4.21	3.25
3826.4492N	00146.1807W	505.0	06/19/2025	08:12:54.07	1.1	8	2.50	2.00	5.20	2.14	4.02	2.43	2.87	2.71	4.77	2.84	4.49	3.23
3826.4491N	00146.1799W	505.1	06/19/2025	08:12:55.12	1.1	8	2.42	1.99	5.08	2.14	3.87	2.43	2.80	2.72	4.76	2.85	4.52	3.23
3826.4490N	00146.1792W	505.1	06/19/2025	08:12:56.17	1.1	8	2.21	2.00	4.86	2.15	3.71	2.43	2.51	2.71	4.53	2.84	4.27	3.21
3826.4490N	00146.1787W	505.2	06/19/2025	08:12:57.07	1.1	8	2.21	2.00	4.85	2.15	3.63	2.43	2.43	2.70	4.43	2.82	4.41	3.21
3826.4490N	00146.1783W	505.2	06/19/2025	08:12:58.12	1.1	8	2.10	2.00	4.72	2.15	3.51	2.43	2.51	2.69	4.46	2.81	4.38	3.21
3826.4490N	00146.1778W	505.1	06/19/2025	08:12:59.17	1.1	8	2.08	2.00	4.71	2.15	3.51	2.43	2.44	2.69	4.41	2.82	4.24	3.22
3826.4490N	00146.1773W	505.1	06/19/2025	08:13:00.07	1.1	8	2.30	2.00	4.92	2.15	3.65	2.43	2.47	2.70	4.42	2.83	3.80	3.22
3826.4490N	00146.1767W	505.2	06/19/2025	08:13:01.12	1.1	8	2.08	2.00	4.69	2.15	3.47	2.43	2.35	2.70	4.10	2.83	3.53	3.23
3826.4488N	00146.1763W	505.1	06/19/2025	08:13:02.16	1.1	8	2.07	2.00	4.62	2.15	3.31	2.43	2.11	2.71	3.83	2.83	3.39	3.24
3826.4484N	00146.1761W	505.4	06/19/2025	08:13:03.07	1.1	8	2.05	2.00	4.58	2.15	3.26	2.43	2.06	2.70	3.79	2.83	3.32	3.25
3826.4481N	00146.1761W	505.5	06/19/2025	08:13:04.11	1.1	8	1.96	2.00	4.44	2.15	3.19	2.43	1.93	2.69	3.66	2.81	3.18	3.24
3826.4479N	00146.1763W	505.5	06/19/2025	08:13:05.16	1.1	8	1.94	2.00	4.40	2.15	3.07	2.43	1.84	2.69	3.58	2.79	3.25	3.20
3826.4478N	00146.1769W	505.4	06/19/2025	08:13:06.07	1.1	8	2.11	2.00	4.65	2.15	3.37	2.43	2.31	2.69	4.43	2.80	4.59	3.19
3826.4476N	00146.1773W	505.4	06/19/2025	08:13:07.11	1.1	8	2.40	2.00	4.87	2.15	3.47	2.43	2.46	2.69	4.53	2.82	4.62	3.23
3826.4473N	00146.1777W	505.3	06/19/2025	08:13:08.16	1.1	8	2.24	2.00	4.72	2.15	3.42	2.42	2.24	2.70	4.32	2.83	4.36	3.25
3826.4471N	00146.1781W	505.2	06/19/2025	08:13:09.06	1.1	8	2.39	2.00	4.97	2.15	3.55	2.42	2.35	2.69	4.33	2.79	4.19	3.21
3826.4469N	00146.1786W	505.1	06/19/2025	08:13:10.11	1.1	8	2.22	2.00	4.72	2.15	3.35	2.43	2.14	2.70	4.25	2.81	4.18	3.21
3826.4466N	00146.1792W	505.0	06/19/2025	08:13:11.16	1.1	8	2.05	2.00	4.61	2.15	3.34	2.43	2.17	2.69	4.32	2.81	4.28	3.19
3826.4465N	00146.1799W	504.9	06/19/2025	08:13:12.06	1.1	8	2.14	2.00	4.70	2.15	3.45	2.43	2.32	2.69	4.42	2.80	4.31	3.19
3826.4465N	00146.1806W	504.9	06/19/2025	08:13:13.11	1.2	7	2.11	2.00	4.70	2.15	3.48	2.43	2.32	2.69	4.30	2.81	4.03	3.22
3826.4465N	00146.1812W	504.9	06/19/2025	08:13:14.16	1.1	8	2.05	2.00	4.62	2.15	3.28	2.43	2.04	2.70	4.26	2.82	4.18	3.21
3826.4464N	00146.1817W	504.9	06/19/2025	08:13:15.06	1.1	8	1.95	2.00	4.45	2.15	3.13	2.43	1.89	2.69	4.00	2.80	4.12	3.21
3826.4463N	00146.1823W	504.8	06/19/2025	08:13:16.12	1.1	8	1.99	2.00	4.51	2.15	3.17	2.43	1.95	2.69	4.09	2.81	4.12	3.20
3826.4462N	00146.1829W	504.9	06/19/2025	08:13:17.16	1.1	8	2.35	2.00	4.83	2.15	3.33	2.43	2.09	2.70	4.15	2.82	4.39	3.24
3826.4462N	00146.1836W	504.8	06/19/2025	08:13:18.06	1.1	8	2.07	2.00	4.65	2.15	3.30	2.42	2.07	2.70	4.15	2.83	4.59	3.24
3826.4463N	00146.1843W	504.9	06/19/2025	08:13:19.12	1.1	8	1.97	2.00	4.54	2.14	3.22	2.43	2.07	2.71	4.20	2.85	4.60	3.26
3826.4462N	00146.1849W	504.8	06/19/2025	08:13:20.16	1.1	8	2.35	2.00	4.97	2.15	3.59	2.44	2.35	2.71	4.52	2.83	4.98	3.23
3826.4461N	00146.1856W	504.9	06/19/2025	08:13:21.07	1.1	8	2.05	2.00	4.67	2.15	3.48	2.43	2.42	2.70	4.68	2.82	4.98	3.21
3826.4461N	00146.1863W	504.9	06/19/2025	08:13:22.12	1.1	8	2.06	2.00	4.66	2.15	3.37	2.43	2.25	2.70	4.40	2.82	4.64	3.21
3826.4461N	00146.1868W	505.0	06/19/2025	08:13:23.01	1.1	8	2.03	2.00	4.59	2.15	3.27	2.43	2.11	2.71	4.30	2.83	4.48	3.22
3826.4460N	00146.1875W	505.1	06/19/2025	08:13:24.07	1.1	8	2.22	2.00	5.02	2.15	3.44	2.43	2.34	2.71	4.61	2.81	4.95	3.19
3826.4460N	00146.1883W	505.1	06/19/2025	08:13:25.11	1.1	8	2.23	2.00	4.86	2.15	3.69	2.43	2.63	2.70	5.11	2.81	5.42	3.18
3826.4460N	00146.1890W	505.1	06/19/2025	08:13:26.01	1.1	8	2.16	2.00	4.85	2.15	3.76	2.43	2.81	2.70	5.24	2.81	5.69	3.20
3826.4461N	00146.1898W	505.2	06/19/2025	08:13:27.06	1.1	8	2.21	2.00	4.93	2.15	3.89	2.43	3.03	2.71	5.68	2.81	6.41	3.18
3826.4462N	00146.1905W	505.1	06/19/2025	08:13:28.11	1.1	8	2.33	2.00	5.14	2.15	4.24	2.43	3.47	2.70	6.12	2.80	7.03	3.18
3826.4463N	00146.1913W	505.1	06/19/2025	08:13:29.01	1.1	8	2.29	2.00	5.11	2.15	4.21	2.43	3.43	2.70	6.21	2.81	7.05	3.20
3826.4463N	00146.1920W	505.2	06/19/2025	08:13:30.06	1.1	8	2.24	2.00	5.05	2.15	4.10	2.43	3.35	2.70	6.10	2.82	6.98	3.20
3826.4461N	00146.1926W	505.3	06/19/2025	08:13:31.12	1.1	8	2.26	2.00	5.09	2.15	4.15	2.43	3.24	2.70	5.98	2.83	7.15	3.23
3826.4460N	00146.1932W	505.4	06/19/2025	08:13:32.01	1.1	8	2.80	2.00	5.84	2.15	4.32	2.43	3.43	2.71	6.36	2.83	7.55	3.22
3826.4460N	00146.1939W	505.4	06/19/2025	08:13:33.06	1.1	8	2.31	2.00	5.13	2.15	4.23	2.43	3.46	2.70	6.40	2.82	7.87	3.22
3826.4460N	00146.1945W	505.3	06/19/2025	08:13:34.11	1.1	8	2.61	2.00	5.52	2.15	4.63	2.43	3.96	2.70	6.98	2.83	8.33	3.22
3826.4461N	00146.1952W	505.3	06/19/2025	08:13:35.01	1.1	8	2.46	2.00	5.46	2.15	4.64	2.43	4.10	2.69	7.14	2.81	8.79	3.22
3826.4460N	00146.1960W	505.3	06/19/2025	08:13:36.07	1.1	8	2.56	2.00	5.60	2.15	5.03	2.42	4.58	2.70	8.03	2.81	10.04	3.21
3826.4459N	00146.1966W	505.3	06/19/2025	08:13:37.11	1.1	8	2.79	2.00	6.03	2.15	5.48	2.43	5.19	2.70	8.79	2.81	10.57	3.16
3826.4457N	00146.1970W	505.3	06/19/2025	08:13:38.01	1.1	8	3.09	2.00	6.43	2.15	6.06	2.43	5.87	2.70	9.34	2.81	10.46	3.20
3826.4453N	00146.1972W	505.2	06/19/2025	08:13:39.06	1.1	8	2.88	2.00	6.17	2.15	5.88	2.42	5.54	2.69	8.55	2.81	9.15	3.24
3826.4449N	00146.1974W	505.4	06/19/2025	08:13:40.11	1.1	8	2.92	1.99	6.07	2.14	5.52	2.43	4.97	2.71	7.87	2.83	8.81	3.23
3826.4445N	00146.1974W	505.5	06/19/2025	08:13:41.01	1.1	8	2.87	1.99	5.97	2.14	5.24	2.43	4.57	2.72	7.49	2.86	8.51	3.25
3826.4441N	00146.1971W	505.7	06/19/2025	08:13:42.06	1.1	8	2.61	1.99	5.59	2.14	4.77	2.43	4.02	2.71	6.82	2.83	7.85	3.26
3826.4439N	00146.1967W	505.9	06/19/2025	08:13:43.11	1.1	8	2.67	1.99	5.65	2.14	4.77	2.43	3.98	2.72	6.63	2.86	7.57	3.25
3826.4439N	00146.1963W	506.1	06/19/2025	08:13:44.01	1.1	8	2.60	1.99	5.49	2.14	4.58	2.43	3.79	2.72	6.43	2.84	7.36	3.24
3826.4438N	00146.1958W	506.2	06/19/2025	08:13:45.06	1.1	8	2.49	2.00	5.40	2.14	4.47	2.43	3.67	2.71	6.29	2.83	7.20	3.21
3826.4439N	00146.1952W	506.3	06/19/2025	08:13:46.11	1.1	8	2.45	2.00	5.34	2.15	4.43	2.43	3.61	2.70	6.34	2.82	7.34	3.20
3826.4440N	00146.1945W	506.3	06/19/2025	08:13:47.01	1.1	8	2.39	2.00	5.23	2.15	4.32	2.43	3.60	2.70	6.34	2.82	7.13	3.21
3826.4442N	00146.1938W	506.3	06/19/2025	08:13:48.06	1.1	8	2.40	2.00	5.25	2.15	4.31	2.43	3.50	2.71	6.17	2.81	7.09	3.21
3826.4444N	00146.1931W	506.4	06/19/2025	08:13:49.11	1.1	8	2.64	1.99	5.41	2.14	4.35	2.45	3.53	2.74	6.18	2.85	7.00	3.24
3826.4446N	00146.1923W	506.5	06/19/2025	08:13:50.01	1.1	8	2.54	1.99	5.37	2.14	4.37	2.44	3.56	2.73	6.22	2.84	7.24	3.24
3826.4448N	00146.1916W	506.6	06/19/2025	08:13:51.06	1.1	8	2.63	1.99	5.48	2.14	4.42	2.43	3.58	2.72	6.21	2.84	7.00	3.21
3826.4450N	00146.1909W	506.6	06/19/2025	08:13:52.11	1.1	8	2.55	1.99	5.39	2.14	4.37	2.44	3.55	2.73	6.23	2.84	6.97	3.21
3826.4453N	00146.1900W	506.6	06/19/2025	08:13:53.01	1.1	8	2.61	1.99	5.42	2.14	4.38	2.44	3.49	2.72	6.01	2.82	6.73	3.20
3826.4455N	00146.1893W	506.6	06/19/2025	08:13:54.06	1.1	8	2.48	2.00	5.34	2.14	4.31	2.44	3.41	2.73	6.01	2.84	6.97	3.22
3826.4458N	00146.1885W	506.6	06/19/2025	08:13:55.11	1.1	8	2.66	1.99	5.54	2.14	4.50	2.44	3.69	2.73	6.26	2.82	6.67	3.19
3826.4459N	00146.1878W	506.6	06/19/2025	08:13:56.01	1.1	8	2.56	1.99	5.33	2.15	4.31	2.44	3.42	2.72	5.71	2.81	5.72	3.20
3826.4461N	00146.1872W	506.6	06/19/2025	08:13:57.06	1.1	8	2.15	2.00	4.81	2.15	3.71	2.43	2.66	2.70	4.83	2.81	4.53	3.19
3826.4463N	00146.1867W	506.6	06/19/2025	08:13:58.11	1.1	8	2.31	1.99	4.77	2.14	3.38	2.44	2.25	2.73	4.22	2.84	4.08	3.24
3826.4466N	00146.1861W	506.6	06/19/2025	08:13:59.01	1.1	8	2.61	1.99	4.94	2.15	3.44	2.46	2.33	2.75	4.49	2.87	4.66	3.26
3826.4468N	00146.1855W	506.5	06/19/2025	08:14:00.06	1.1	8	2.18	1.99	4.71	2.14	3.33	2.43	2.16	2.72	4.27	2.84	4.53	3.23
3826.4470N	00146.1848W	506.4	06/19/2025	08:14:01.11	1.1	8	2.08	1.99	4.65	2.14	3.20	2.43	1.92	2.72	4.05	2.84	4.37	3.23
3826.4473N	00146.1842W	506.5	06/19/2025	08:14:02.01	1.1	8	1.99	2.00	4.48	2.14	3.08	2.43	1.90	2.71	3.99	2.81	4.20	3.17
3826.4474N	00146.1836W	506.4	06/19/2025	08:14:03.06	1.1	8	1.86	2.00	4.31	2.15	2.92	2.44	1.69	2.71	3.79	2.83	4.04	3.19
3826.4475N	00146.1830W	506.5	06/19/2025	08:14:04.11	1.1	8	1.81	2.00	4.20	2.15	2.80	2.43	1.67	2.70	3.65	2.81	3.94	3.20
3826.4475N	00146.1824W	506.4	06/19/2025	08:14:05.01	1.1	8	1.97	2.00	4.45	2.14	3.05	2.43	1.83	2.72	3.94	2.85	4.08	3.24
3826.4476N	00146.1819W	506.4	06/19/2025	08:14:06.06	1.1	8	2.17	1.99	4.68	2.14	3.31	2.43	2.18	2.72	4.15	2.84	4.00	3.24
3826.4476N	00146.1812W	506.3	06/19/2025	08:14:07.11	1.1	8	2.16	2.00	4.77	2.15	3.50	2.43	2.41	2.72	4.35	2.84	4.31	3.22
3826.4477N	00146.1806W	506.3	06/19/2025	08:14:08.01	1.1	8	2.24	1.99	4.80	2.14	3.58	2.43	2.43	2.71	4.51	2.83	4.46	3.22
3826.4478N	00146.1800W	506.3	06/19/2025	08:14:09.06	1.1	8	2.25	2.00	4.97	2.15	3.80	2.43	2.77	2.70	4.79	2.80	4.53	3.16
3826.4479N	00146.1793W	506.2	06/19/2025	08:14:10.11	1.1	8	2.40	2.00	5.07	2.15	3.85	2.44	2.62	2.71	4.59	2.82	4.34	3.20
3826.4481N	00146.1787W	506.0	06/19/2025	08:14:11.01	1.1	8	2.42	1.99	5.02	2.14	3.71	2.44	2.51	2.72	4.58	2.85	4.46	3.23
3826.4484N	00146.1781W	505.9	06/19/2025	08:14:12.06	1.1	8	2.49	1.99	5.05	2.14	3.67	2.44	2.44	2.72	4.39	2.83	4.33	3.22
3826.4485N	00146.1773W	505.8	06/19/2025	08:14:13.11	1.1	8	1.90	2.00	4.46	2.15	3.26	2.43	2.30	2.69	4.28	2.79	4.40	3.20
3826.4483N	00146.1767W	505.8	06/19/2025	08:14:14.01	1.1	8	2.16	2.00	4.71	2.14	3.37	2.43	2.20	2.70	3.98	2.82	3.81	3.25
3826.4479N	00146.1764W	505.9	06/19/2025	08:14:15.06	1.1	8	2.01	2.00	4.67	2.15	3.35	2.43	2.22	2.70	4.23	2.83	4.22	3.25
3826.4474N	00146.1763W	505.9	06/19/2025	08:14:16.11	1.1	8	2.09	2.00	4.71	2.15	3.31	2.43	2.17	2.71	4.40	2.84	4.46	3.25
3826.4470N	00146.1761W	506.0	06/19/2025	08:14:17.01	1.1	8	2.07	2.00	4.65	2.15	3.33	2.43	2.23	2.70	4.31	2.82	4.47	3.22
3826.4466N	00146.1758W	505.9	06/19/2025	08:14:18.06	1.1	8	3.88	2.00	5.16	2.15	3.51	2.43	2.43	2.70	4.57	2.81	4.62	3.22
3826.4463N	00146.1756W	506.0	06/19/2025	08:14:19.11	1.1	8	1.91	2.00	4.44	2.15	3.25	2.43	2.23	2.69	4.35	2.80	4.46	3.19
3826.4459N	00146.1758W	506.0	06/19/2025	08:14:20.01	1.1	8	1.95	2.00	4.51	2.15	3.26	2.43	2.34	2.70	4.49	2.80	4.70	3.19
3826.4458N	00146.1763W	505.9	06/19/2025	08:14:21.06	1.1	8	2.08	2.00	4.74	2.15	3.64	2.43	2.55	2.70	4.76	2.80	4.86	3.19
3826.4459N	00146.1769W	505.8	06/19/2025	08:14:22.11	1.1	8	2.09	2.00	4.69	2.15	3.48	2.43	2.40	2.70	4.59	2.81	4.71	3.20
3826.4458N	00146.1775W	505.7	06/19/2025	08:14:23.01	1.1	8	1.97	2.00	4.51	2.15	3.24	2.43	2.16	2.70	4.34	2.81	4.50	3.20
3826.4457N	00146.1782W	505.6	06/19/2025	08:14:24.06	1.1	8	2.00	2.00	4.56	2.15	3.24	2.43	2.11	2.70	4.31	2.81	4.58	3.19
3826.4458N	00146.1789W	505.6	06/19/2025	08:14:25.11	1.1	8	1.95	2.00	4.47	2.15	3.18	2.44	2.09	2.70	4.23	2.80	4.58	3.19
3826.4457N	00146.1796W	505.5	06/19/2025	08:14:26.01	1.1	8	2.22	2.00	4.82	2.15	3.33	2.44	2.12	2.70	4.36	2.81	4.93	3.18
3826.4457N	00146.1803W	505.5	06/19/2025	08:14:27.06	1.1	8	1.96	2.00	4.56	2.15	3.23	2.44	2.13	2.70	4.42	2.81	4.73	3.20
3826.4456N	00146.1808W	505.5	06/19/2025	08:14:27.96	1.1	8	1.93	2.00	4.48	2.15	3.21	2.44	2.21	2.70	4.52	2.81	4.93	3.20
3826.4456N	00146.1814W	505.6	06/19/2025	08:14:29.01	1.1	8	1.97	2.00	4.58	2.15	3.34	2.43	2.27	2.69	4.54	2.81	4.71	3.21
3826.4456N	00146.1820W	505.5	06/19/2025	08:14:30.06	1.1	8	1.96	2.00	4.52	2.15	3.31	2.43	2.31	2.69	4.52	2.79	4.87	3.18
3826.4456N	00146.1828W	505.5	06/19/2025	08:14:30.96	1.1	8	1.97	2.00	4.59	2.15	3.42	2.43	2.40	2.69	4.63	2.79	4.74	3.20
3826.4456N	00146.1834W	505.5	06/19/2025	08:14:32.01	1.1	8	1.95	2.00	4.54	2.15	3.37	2.43	2.40	2.69	4.70	2.81	5.18	3.22
3826.4454N	00146.1841W	505.6	06/19/2025	08:14:33.06	1.1	8	2.05	2.00	4.71	2.15	3.66	2.43	2.78	2.70	5.33	2.81	5.74	3.21
3826.4451N	00146.1846W	505.8	06/19/2025	08:14:33.96	1.1	8	2.32	2.00	5.19	2.15	4.09	2.43	3.25	2.70	5.83	2.80	6.54	3.20
3826.4448N	00146.1852W	505.8	06/19/2025	08:14:35.01	1.1	8	2.46	2.00	5.47	2.15	4.73	2.43	4.14	2.69	6.88	2.79	6.82	3.16
3826.4445N	00146.1857W	505.9	06/19/2025	08:14:36.06	1.1	8	2.65	2.00	5.71	2.15	4.96	2.43	4.24	2.70	6.64	2.80	6.48	3.16
3826.4443N	00146.1862W	505.9	06/19/2025	08:14:36.96	1.1	8	2.69	2.00	5.83	2.15	5.16	2.43	4.55	2.70	7.20	2.80	7.30	3.17
3826.4442N	00146.1868W	505.9	06/19/2025	08:14:38.01	1.1	8	2.62	2.00	5.68	2.15	4.92	2.43	4.18	2.70	6.90	2.81	7.65	3.19
3826.4441N	00146.1874W	505.9	06/19/2025	08:14:39.06	1.1	8	2.48	2.00	5.47	2.15	4.67	2.43	4.04	2.70	6.90	2.81	7.84	3.19
3826.4440N	00146.1880W	505.9	06/19/2025	08:14:39.96	1.1	8	3.01	2.00	5.59	2.15	4.39	2.43	3.64	2.69	6.35	2.81	7.30	3.20
3826.4439N	00146.1887W	505.9	06/19/2025	08:14:41.01	1.1	8	2.98	2.00	5.49	2.14	4.31	2.43	3.44	2.72	6.11	2.84	6.82	3.24
3826.4440N	00146.1893W	505.9	06/19/2025	08:14:42.06	1.1	8	2.33	2.00	5.14	2.14	4.17	2.43	3.26	2.70	5.88	2.83	6.63	3.24
3826.4441N	00146.1900W	505.9	06/19/2025	08:14:42.96	1.1	8	2.23	2.00	4.97	2.14	3.98	2.43	3.11	2.70	5.69	2.81	6.30	3.20
3826.4443N	00146.1907W	505.9	06/19/2025	08:14:44.01	1.1	8	2.31	2.00	5.29	2.15	4.12	2.43	3.16	2.71	5.76	2.83	6.47	3.21
3826.4443N	00146.1913W	506.0	06/19/2025	08:14:45.06	1.1	8	2.22	2.00	4.98	2.15	3.92	2.43	2.99	2.71	5.59	2.83	6.41	3.22
3826.4444N	00146.1919W	506.0	06/19/2025	08:14:45.96	1.1	8	2.21	2.00	4.92	2.15	3.91	2.43	3.00	2.70	5.65	2.82	6.49	3.21
3826.4443N	00146.1925W	506.0	06/19/2025	08:14:47.01	1.1	8	2.26	2.00	5.04	2.15	4.05	2.43	3.10	2.70	5.80	2.81	6.48	3.20
3826.4443N	00146.1931W	505.9	06/19/2025	08:14:48.06	1.1	8	2.20	2.00	4.94	2.15	3.95	2.43	3.07	2.70	5.74	2.81	6.46	3.22
3826.4442N	00146.1936W	506.0	06/19/2025	08:14:48.96	1.1	8	2.11	2.00	4.82	2.15	3.80	2.43	2.98	2.70	5.58	2.81	6.36	3.21
3826.4442N	00146.1943W	505.9	06/19/2025	08:14:50.01	1.1	8	3.01	2.00	5.44	2.15	4.27	2.43	3.42	2.71	6.04	2.82	6.84	3.19
3826.4442N	00146.1949W	505.9	06/19/2025	08:14:51.06	1.1	8	2.36	2.00	5.12	2.15	4.08	2.43	3.32	2.70	6.02	2.81	6.87	3.21
3826.4441N	00146.1954W	505.9	06/19/2025	08:14:51.96	1.1	8	2.30	2.00	5.12	2.15	4.19	2.43	3.48	2.70	6.23	2.81	7.03	3.22
3826.4440N	00146.1960W	505.9	06/19/2025	08:14:53.01	1.1	8	2.38	2.00	5.22	2.15	4.28	2.43	3.55	2.70	6.12	2.81	6.95	3.22
3826.4438N	00146.1965W	505.9	06/19/2025	08:14:54.06	1.1	8	2.44	2.00	5.18	2.15	4.14	2.43	3.38	2.70	6.02	2.81	6.76	3.22
3826.4436N	00146.1969W	506.0	06/19/2025	08:14:54.96	1.2	8	2.17	2.00	4.96	2.15	4.05	2.43	3.37	2.69	5.84	2.81	6.69	3.23
3826.4432N	00146.1970W	506.1	06/19/2025	08:14:56.01	1.2	8	2.38	2.00	5.28	2.14	4.32	2.42	3.58	2.70	6.09	2.83	7.01	3.26
3826.4429N	00146.1970W	506.3	06/19/2025	08:14:57.06	1.2	8	2.39	2.00	5.27	2.14	4.36	2.43	3.76	2.70	6.41	2.84	7.17	3.26
3826.4425N	00146.1970W	506.5	06/19/2025	08:14:57.96	1.2	8	4.18	2.00	5.70	2.14	4.51	2.43	3.88	2.70	6.32	2.83	7.18	3.25
3826.4421N	00146.1970W	506.6	06/19/2025	08:14:59.01	1.2	8	2.54	2.00	5.40	2.15	4.37	2.43	3.52	2.69	5.84	2.80	6.53	3.25
3826.4417N	00146.1969W	506.8	06/19/2025	08:15:00.06	1.2	8	2.26	2.00	5.06	2.15	4.17	2.43	3.46	2.69	5.75	2.80	6.12	3.26
3826.4414N	00146.1967W	506.9	06/19/2025	08:15:00.96	1.2	8	2.44	2.00	5.25	2.14	4.24	2.43	3.44	2.70	5.84	2.82	6.52	3.24
3826.4413N	00146.1962W	507.1	06/19/2025	08:15:02.01	1.2	8	2.37	2.00	5.23	2.14	4.29	2.43	3.49	2.71	6.16	2.82	7.16	3.22
3826.4412N	00146.1956W	507.2	06/19/2025	08:15:03.06	1.2	8	2.47	2.00	5.41	2.15	4.46	2.43	3.75	2.71	6.67	2.82	7.52	3.19
3826.4411N	00146.1948W	507.2	06/19/2025	08:15:03.96	1.2	8	2.60	2.00	5.64	2.15	4.89	2.43	4.18	2.71	6.81	2.81	7.03	3.22
3826.4411N	00146.1942W	507.3	06/19/2025	08:15:05.01	1.2	8	2.66	2.00	5.73	2.14	5.02	2.43	4.19	2.71	6.55	2.82	6.58	3.21
3826.4412N	00146.1934W	507.2	06/19/2025	08:15:06.06	1.2	8	2.46	2.00	5.30	2.14	4.36	2.44	3.49	2.72	6.03	2.84	6.70	3.24
3826.4413N	00146.1927W	507.2	06/19/2025	08:15:06.96	1.2	8	2.20	2.00	4.94	2.15	3.89	2.43	3.00	2.72	5.67	2.84	6.34	3.25
3826.4413N	00146.1919W	507.2	06/19/2025	08:15:08.01	1.2	8	2.18	2.00	4.94	2.14	3.85	2.43	2.88	2.72	5.41	2.83	6.09	3.23
3826.4414N	00146.1912W	507.2	06/19/2025	08:15:09.06	1.2	8	2.29	1.99	5.04	2.14	3.86	2.44	2.97	2.74	5.44	2.85	6.22	3.25
3826.4417N	00146.1906W	507.2	06/19/2025	08:15:09.96	1.2	8	2.42	1.99	5.12	2.14	3.94	2.44	3.01	2.74	5.55	2.86	6.11	3.24
3826.4420N	00146.1900W	507.1	06/19/2025	08:15:11.01	1.2	8	2.53	1.99	5.28	2.14	4.14	2.44	3.22	2.73	5.69	2.86	6.30	3.25
3826.4422N	00146.1893W	507.0	06/19/2025	08:15:12.06	1.2	8	2.51	1.99	5.27	2.14	4.26	2.44	3.34	2.73	5.83	2.84	6.45	3.22
3826.4426N	00146.1887W	506.8	06/19/2025	08:15:12.96	1.2	8	2.38	1.99	5.08	2.15	4.25	2.44	3.43	2.73	5.87	2.85	6.55	3.22
3826.4429N	00146.1881W	506.8	06/19/2025	08:15:14.01	1.2	8	2.37	2.00	5.17	2.15	4.21	2.44	3.40	2.71	5.88	2.81	6.49	3.19
3826.4431N	00146.1875W	506.8	06/19/2025	08:15:15.06	1.2	8	2.49	2.00	5.33	2.15	4.39	2.44	3.52	2.73	6.04	2.83	6.81	3.22
3826.4434N	00146.1870W	506.7	06/19/2025	08:15:15.96	1.2	8	2.61	1.99	5.50	2.14	4.60	2.43	3.78	2.72	6.43	2.82	7.44	3.20
3826.4438N	00146.1865W	506.6	06/19/2025	08:15:17.01	1.2	8	2.60	1.99	5.48	2.14	4.79	2.43	4.06	2.72	6.79	2.82	7.67	3.17
3826.4441N	00146.1858W	506.6	06/19/2025	08:15:18.06	1.2	8	2.22	2.00	5.04	2.15	4.27	2.44	3.74	2.70	6.96	2.78	8.18	3.16
3826.4443N	00146.1850W	506.5	06/19/2025	08:15:18.96	1.2	8	2.60	2.00	5.67	2.15	5.20	2.43	4.63	2.69	7.08	2.79	6.83	3.16
3826.4443N	00146.1844W	506.6	06/19/2025	08:15:20.01	1.2	8	3.02	2.00	6.21	2.15	5.60	2.44	4.82	2.71	7.20	2.81	7.79	3.19
3826.4442N	00146.1837W	506.6	06/19/2025	08:15:21.06	1.2	8	2.79	2.00	5.89	2.14	5.24	2.43	4.66	2.71	7.57	2.81	8.85	3.17
3826.4441N	00146.1831W	506.6	06/19/2025	08:15:21.96	1.2	8	2.82	2.00	5.92	2.14	5.27	2.44	4.71	2.72	7.55	2.82	8.29	3.17
3826.4441N	00146.1824W	506.6	06/19/2025	08:15:23.01	1.2	8	2.90	1.99	5.89	2.14	5.14	2.44	4.49	2.73	7.34	2.82	8.46	3.19
3826.4442N	00146.1817W	506.7	06/19/2025	08:15:24.06	1.2	8	2.53	2.00	5.48	2.15	4.76	2.43	4.24	2.71	7.30	2.82	8.95	3.21
3826.4443N	00146.1810W	506.7	06/19/2025	08:15:24.96	1.2	8	2.71	1.99	5.69	2.14	4.94	2.43	4.52	2.72	7.37	2.84	8.26	3.21
3826.4444N	00146.1802W	506.7	06/19/2025	08:15:26.01	1.2	8	2.84	1.99	5.90	2.14	5.19	2.44	4.63	2.73	7.28	2.83	7.60	3.19
3826.4444N	00146.1794W	506.7	06/19/2025	08:15:27.06	1.2	8	3.15	1.99	6.30	2.14	5.67	2.44	5.15	2.72	7.86	2.83	8.31	3.20
3826.4445N	00146.1787W	506.7	06/19/2025	08:15:27.96	1.2	8	2.95	1.99	6.09	2.14	5.38	2.44	4.90	2.72	7.65	2.83	8.40	3.20
3826.4445N	00146.1780W	506.7	06/19/2025	08:15:29.01	1.2	8	2.73	1.99	5.78	2.14	5.02	2.44	4.42	2.72	7.19	2.83	7.98	3.22
3826.4445N	00146.1773W	506.8	06/19/2025	08:15:30.06	1.2	8	2.77	1.99	5.77	2.14	4.98	2.44	4.39	2.72	7.17	2.84	8.08	3.20
3826.4445N	00146.1766W	506.8	06/19/2025	08:15:30.96	1.2	8	2.70	2.00	5.81	2.14	4.97	2.43	4.38	2.71	7.17	2.83	8.09	3.19
3826.4445N	00146.1760W	506.8	06/19/2025	08:15:32.01	1.2	8	2.62	2.00	5.49	2.14	4.68	2.43	4.11	2.71	6.87	2.82	7.86	3.19
3826.4444N	00146.1755W	506.8	06/19/2025	08:15:32.91	1.2	8	2.52	2.00	5.57	2.15	4.93	2.43	4.42	2.69	7.35	2.80	8.56	3.17
3826.4441N	00146.1750W	506.8	06/19/2025	08:15:33.96	1.2	8	2.93	2.00	5.80	2.15	5.15	2.43	4.73	2.69	7.95	2.81	9.80	3.19
3826.4438N	00146.1746W	506.8	06/19/2025	08:15:35.01	1.2	8	3.14	2.00	6.46	2.14	6.35	2.43	6.41	2.69	9.98	2.81	11.87	3.18
3826.4433N	00146.1745W	506.7	06/19/2025	08:15:35.91	1.2	8	2.95	2.00	6.44	2.15	6.30	2.43	6.36	2.69	10.27	2.80	12.90	3.17
3826.4429N	00146.1746W	506.7	06/19/2025	08:15:36.96	1.2	8	3.15	2.00	6.63	2.15	6.63	2.43	6.75	2.69	10.91	2.80	13.92	3.17
3826.4427N	00146.1752W	506.7	06/19/2025	08:15:38.01	1.2	8	3.35	2.01	6.81	2.16	6.93	2.44	7.23	2.70	11.69	2.80	15.01	3.16
3826.4426N	00146.1759W	506.5	06/19/2025	08:15:38.91	1.2	8	3.58	2.00	7.42	2.15	7.87	2.43	8.26	2.70	12.72	2.79	15.12	3.15
3826.4426N	00146.1766W	506.4	06/19/2025	08:15:39.96	1.2	8	3.78	2.00	7.66	2.15	7.83	2.43	7.97	2.70	11.90	2.80	13.49	3.15
3826.4427N	00146.1774W	506.4	06/19/2025	08:15:41.01	1.2	8	3.20	2.00	6.72	2.15	6.66	2.43	6.56	2.70	10.23	2.81	11.70	3.19
3826.4427N	00146.1781W	506.3	06/19/2025	08:15:41.91	1.2	8	3.09	2.00	6.49	2.15	6.26	2.43	6.01	2.71	9.57	2.82	11.20	3.19
3826.4427N	00146.1788W	506.3	06/19/2025	08:15:42.96	1.2	8	2.78	2.00	5.99	2.15	5.60	2.43	5.26	2.70	8.88	2.80	10.57	3.17
3826.4427N	00146.1796W	506.4	06/19/2025	08:15:44.01	1.2	8	2.94	2.00	6.28	2.15	5.93	2.43	5.72	2.70	9.25	2.80	10.75	3.16
3826.4426N	00146.1802W	506.3	06/19/2025	08:15:44.91	1.2	8	2.92	2.00	6.26	2.15	5.89	2.43	5.55	2.70	9.06	2.81	10.74	3.17
3826.4425N	00146.1808W	506.3	06/19/2025	08:15:45.96	1.2	8	2.84	2.00	6.08	2.15	5.61	2.44	5.26	2.70	8.60	2.80	10.01	3.16
3826.4425N	00146.1815W	506.3	06/19/2025	08:15:47.01	1.2	8	2.65	2.00	5.82	2.15	5.31	2.43	4.95	2.70	8.49	2.79	10.01	3.17
3826.4425N	00146.1821W	506.3	06/19/2025	08:15:47.91	1.2	8	2.48	2.00	5.50	2.15	4.83	2.44	4.46	2.70	7.74	2.79	9.07	3.16
3826.4425N	00146.1828W	506.4	06/19/2025	08:15:48.96	1.2	8	2.73	2.00	5.87	2.15	5.39	2.43	4.92	2.71	7.95	2.80	8.81	3.17
3826.4425N	00146.1836W	506.4	06/19/2025	08:15:50.01	1.2	8	2.58	2.00	5.66	2.15	5.09	2.43	4.59	2.71	7.63	2.81	8.43	3.20
3826.4425N	00146.1845W	506.5	06/19/2025	08:15:50.91	1.2	8	2.47	2.00	5.43	2.15	4.75	2.43	4.20	2.70	7.05	2.80	7.85	3.19
3826.4425N	00146.1853W	506.5	06/19/2025	08:15:51.96	1.2	8	2.46	2.00	5.33	2.15	4.53	2.44	3.87	2.72	6.68	2.82	7.49	3.19
3826.4424N	00146.1860W	506.5	06/19/2025	08:15:53.01	1.2	8	2.34	2.00	5.23	2.15	4.38	2.43	3.57	2.71	6.40	2.80	7.23	3.18
3826.4422N	00146.1867W	506.5	06/19/2025	08:15:53.91	1.2	8	2.25	2.00	5.07	2.15	4.13	2.44	3.35	2.71	5.96	2.79	6.54	3.17
3826.4419N	00146.1872W	506.6	06/19/2025	08:15:54.96	1.2	8	2.20	2.00	4.96	2.15	3.98	2.44	3.08	2.71	5.59	2.82	6.23	3.24
3826.4418N	00146.1879W	506.6	06/19/2025	08:15:56.01	1.2	8	2.15	2.00	4.85	2.15	3.82	2.43	2.95	2.71	5.40	2.83	6.07	3.21
3826.4416N	00146.1886W	506.7	06/19/2025	08:15:56.91	1.2	8	2.06	2.00	4.72	2.15	3.64	2.43	2.64	2.70	5.05	2.81	5.57	3.21
3826.4414N	00146.1893W	506.7	06/19/2025	08:15:57.96	1.2	8	2.21	2.00	4.91	2.15	3.88	2.43	2.98	2.70	5.40	2.82	5.80	3.23
3826.4412N	00146.1900W	506.9	06/19/2025	08:15:59.01	1.2	8	2.21	2.00	4.89	2.15	3.79	2.43	2.81	2.71	5.21	2.83	5.84	3.24
3826.4410N	00146.1907W	507.1	06/19/2025	08:15:59.91	1.2	8	2.15	2.00	4.88	2.15	3.71	2.43	2.76	2.71	5.14	2.83	5.71	3.23
3826.4408N	00146.1914W	507.2	06/19/2025	08:16:00.96	1.2	8	2.16	2.00	4.89	2.15	3.72	2.43	2.74	2.71	5.12	2.83	5.67	3.23
3826.4406N	00146.1920W	507.3	06/19/2025	08:16:02.01	1.2	8	2.06	2.00	4.74	2.15	3.57	2.44	2.61	2.71	4.96	2.82	5.71	3.20
3826.4403N	00146.1926W	507.5	06/19/2025	08:16:02.91	1.2	8	1.96	2.00	4.57	2.15	3.41	2.44	2.50	2.71	4.96	2.81	5.87	3.20
3826.4402N	00146.1933W	507.7	06/19/2025	08:16:03.96	1.2	8	2.04	2.00	4.71	2.15	3.61	2.43	2.76	2.71	5.40	2.82	5.96	3.22
3826.4400N	00146.1941W	507.9	06/19/2025	08:16:05.01	1.2	8	2.06	2.00	4.75	2.15	3.70	2.44	2.81	2.70	5.40	2.81	5.74	3.21
3826.4398N	00146.1947W	508.0	06/19/2025	08:16:05.91	1.2	8	2.26	2.00	5.05	2.15	4.03	2.44	3.07	2.71	5.48	2.81	5.66	3.20
3826.4398N	00146.1953W	507.9	06/19/2025	08:16:06.96	1.2	8	2.12	2.00	4.81	2.15	3.70	2.44	2.76	2.70	5.22	2.80	5.53	3.19
3826.4398N	00146.1959W	507.8	06/19/2025	08:16:08.01	1.2	8	2.01	2.00	4.63	2.15	3.54	2.44	2.66	2.70	4.94	2.81	5.48	3.20
3826.4398N	00146.1962W	507.6	06/19/2025	08:16:08.91	1.2	8	2.00	2.00	4.64	2.15	3.47	2.44	2.56	2.71	4.86	2.81	5.32	3.20
3826.4396N	00146.1965W	507.7	06/19/2025	08:16:09.96	1.2	8	2.08	2.00	4.73	2.15	3.53	2.43	2.53	2.71	4.86	2.83	5.19	3.23
3826.4393N	00146.1968W	507.8	06/19/2025	08:16:11.01	1.2	8	2.02	2.00	4.64	2.15	3.40	2.43	2.38	2.71	4.50	2.83	4.85	3.24
3826.4389N	00146.1971W	508.1	06/19/2025	08:16:11.91	1.2	8	1.93	2.00	4.52	2.15	3.27	2.44	2.25	2.70	4.50	2.81	4.81	3.21
3826.4385N	00146.1969W	508.2	06/19/2025	08:16:12.96	1.2	8	2.02	2.00	4.62	2.15	3.40	2.43	2.36	2.72	4.52	2.84	4.93	3.26
3826.4384N	00146.1965W	508.3	06/19/2025	08:16:14.01	1.2	8	2.13	2.00	4.72	2.14	3.44	2.43	2.32	2.72	4.56	2.84	5.03	3.25
3826.4384N	00146.1959W	508.4	06/19/2025	08:16:14.91	1.2	8	2.13	2.00	4.78	2.15	3.49	2.43	2.40	2.72	4.72	2.85	4.99	3.26
3826.4383N	00146.1952W	508.5	06/19/2025	08:16:15.96	1.2	8	2.25	2.00	4.91	2.14	3.56	2.43	2.37	2.71	4.55	2.84	4.72	3.26
3826.4383N	00146.1945W	508.6	06/19/2025	08:16:17.01	1.2	8	2.06	2.00	4.73	2.15	3.49	2.43	2.43	2.71	4.70	2.82	5.10	3.23
3826.4383N	00146.1938W	508.7	06/19/2025	08:16:17.91	1.2	8	2.15	2.00	4.85	2.14	3.61	2.43	2.52	2.71	4.84	2.83	5.15	3.26
3826.4384N	00146.1934W	508.8	06/19/2025	08:16:18.96	1.2	8	2.14	2.00	4.83	2.15	3.66	2.43	2.64	2.71	4.87	2.83	5.29	3.25
3826.4386N	00146.1931W	508.8	06/19/2025	08:16:20.01	1.2	8	2.14	2.00	4.80	2.15	3.61	2.44	2.48	2.72	4.68	2.82	5.01	3.22
3826.4390N	00146.1929W	508.8	06/19/2025	08:16:20.91	1.2	8	2.20	2.00	4.89	2.14	3.67	2.43	2.63	2.71	4.82	2.82	5.21	3.22
3826.4394N	00146.1925W	508.7	06/19/2025	08:16:21.96	1.2	8	2.30	2.00	5.01	2.15	3.75	2.44	2.77	2.73	5.02	2.84	5.44	3.22
3826.4399N	00146.1921W	508.5	06/19/2025	08:16:23.01	1.2	8	2.39	1.99	5.03	2.14	3.84	2.45	2.82	2.74	5.28	2.84	5.65	3.24
3826.4404N	00146.1916W	508.3	06/19/2025	08:16:23.91	1.2	8	2.23	2.00	4.95	2.15	3.79	2.44	2.79	2.73	5.21	2.84	5.73	3.23
3826.4409N	00146.1910W	508.2	06/19/2025	08:16:24.96	1.2	8	2.49	1.99	5.12	2.14	3.94	2.45	3.00	2.74	5.42	2.85	5.92	3.22
3826.4414N	00146.1904W	508.0	06/19/2025	08:16:26.01	1.2	8	2.53	1.99	5.23	2.14	4.06	2.44	3.06	2.74	5.56	2.86	6.04	3.25
3826.4418N	00146.1898W	507.8	06/19/2025	08:16:26.91	1.2	8	2.59	1.99	5.33	2.14	4.16	2.45	3.18	2.74	5.57	2.85	6.09	3.24
3826.4423N	00146.1894W	507.6	06/19/2025	08:16:27.96	1.2	8	2.40	2.00	5.19	2.15	4.13	2.44	3.24	2.73	5.76	2.82	6.49	3.20
3826.4428N	00146.1891W	507.4	06/19/2025	08:16:28.86	1.2	8	2.34	2.00	5.21	2.15	4.15	2.44	3.26	2.72	5.77	2.82	6.32	3.21
3826.4433N	00146.1889W	507.2	06/19/2025	08:16:29.91	1.2	8	2.49	2.00	5.30	2.15	4.16	2.45	3.26	2.73	5.69	2.84	6.32	3.23
3826.4438N	00146.1888W	506.9	06/19/2025	08:16:30.96	1.2	8	2.52	2.00	5.37	2.14	4.31	2.43	3.42	2.73	5.98	2.84	6.71	3.21
3826.4443N	00146.1887W	506.7	06/19/2025	08:16:31.86	1.2	8	2.60	2.00	5.34	2.15	4.23	2.45	3.34	2.74	5.94	2.85	6.62	3.21
3826.4449N	00146.1886W	506.5	06/19/2025	08:16:32.91	1.2	8	2.50	2.00	5.32	2.15	4.35	2.44	3.54	2.73	6.18	2.84	6.67	3.21
3826.4454N	00146.1885W	506.3	06/19/2025	08:16:33.96	1.2	8	2.56	2.00	5.36	2.14	4.32	2.45	3.39	2.73	5.82	2.83	6.22	3.19
3826.4459N	00146.1886W	506.0	06/19/2025	08:16:34.86	1.2	8	2.39	2.00	5.12	2.15	4.00	2.45	3.05	2.72	5.67	2.82	5.80	3.18
3826.4464N	00146.1888W	505.9	06/19/2025	08:16:35.91	1.2	8	2.24	2.00	4.99	2.15	3.84	2.44	2.76	2.71	4.98	2.81	4.74	3.20
3826.4469N	00146.1891W	505.8	06/19/2025	08:16:36.96	1.2	8	2.17	2.00	4.84	2.15	3.60	2.44	2.53	2.72	4.62	2.83	4.43	3.21
3826.4473N	00146.1894W	505.5	06/19/2025	08:16:37.86	1.2	8	2.28	2.00	5.01	2.15	3.81	2.43	2.70	2.71	4.82	2.82	4.87	3.21
3826.4479N	00146.1896W	505.3	06/19/2025	08:16:38.91	1.2	8	2.22	2.00	4.94	2.14	3.70	2.43	2.59	2.71	4.77	2.83	4.71	3.23
3826.4485N	00146.1895W	505.1	06/19/2025	08:16:39.96	1.2	8	2.25	2.00	4.85	2.14	3.48	2.44	2.27	2.74	4.39	2.85	4.35	3.25
3826.4489N	00146.1892W	504.9	06/19/2025	08:16:40.86	1.2	8	2.13	2.00	4.70	2.14	3.31	2.43	2.10	2.72	4.23	2.83	4.32	3.23
3826.4493N	00146.1889W	504.7	06/19/2025	08:16:41.91	1.2	8	2.02	2.00	4.57	2.15	3.24	2.43	2.01	2.71	4.16	2.83	4.19	3.21
3826.4497N	00146.1885W	504.5	06/19/2025	08:16:42.96	1.2	8	1.98	2.00	4.58	2.15	3.20	2.43	1.97	2.72	4.07	2.84	4.15	3.24
3826.4501N	00146.1882W	504.3	06/19/2025	08:16:43.86	1.2	8	2.31	1.99	4.85	2.14	3.48	2.44	2.29	2.74	4.51	2.85	4.53	3.23
3826.4505N	00146.1879W	504.1	06/19/2025	08:16:44.91	1.2	8	2.40	2.00	5.14	2.14	3.95	2.43	2.94	2.73	5.22	2.84	5.23	3.22
3826.4510N	00146.1875W	503.8	06/19/2025	08:16:45.96	1.2	8	2.75	1.99	5.60	2.14	4.50	2.44	3.47	2.72	5.38	2.83	4.27	3.25
3826.4515N	00146.1872W	503.6	06/19/2025	08:16:46.86	1.2	8	2.42	2.00	5.21	2.15	3.98	2.43	2.80	2.71	4.56	2.83	3.96	3.21
3826.4520N	00146.1870W	503.3	06/19/2025	08:16:47.91	1.2	8	2.20	2.00	4.83	2.15	3.47	2.44	2.29	2.71	4.19	2.83	3.90	3.20
3826.4526N	00146.1867W	503.1	06/19/2025	08:16:48.96	1.2	8	2.00	2.00	4.55	2.15	3.04	2.44	1.73	2.73	3.58	2.85	3.32	3.24
3826.4532N	00146.1862W	502.8	06/19/2025	08:16:49.86	1.2	8	2.00	1.99	4.49	2.14	2.90	2.44	1.66	2.74	3.39	2.87	3.10	3.25
3826.4536N	00146.1857W	502.6	06/19/2025	08:16:50.91	1.2	8	2.19	1.99	4.48	2.14	2.82	2.45	1.44	2.74	3.21	2.86	2.98	3.24
3826.4539N	00146.1850W	502.4	06/19/2025	08:16:51.95	1.2	8	2.69	2.00	4.64	2.14	2.92	2.43	1.48	2.72	3.28	2.83	2.93	3.22
3826.4542N	00146.1842W	502.1	06/19/2025	08:16:52.86	1.2	8	2.13	1.99	4.53	2.14	2.88	2.44	1.49	2.75	3.32	2.87	2.83	3.28
3826.4545N	00146.1833W	501.9	06/19/2025	08:16:53.90	1.2	8	2.06	1.99	4.51	2.14	2.86	2.44	1.46	2.74	3.25	2.88	2.72	3.28
3826.4547N	00146.1824W	501.8	06/19/2025	08:16:54.95	1.2	8	2.03	1.99	4.37	2.14	2.59	2.44	1.08	2.74	2.89	2.86	2.60	3.23
3826.4548N	00146.1814W	501.7	06/19/2025	08:16:55.85	1.2	8	1.98	2.00	4.28	2.15	2.59	2.45	1.16	2.74	3.01	2.85	2.65	3.23
3826.4545N	00146.1805W	501.5	06/19/2025	08:16:56.90	1.2	8	2.00	2.00	4.52	2.15	2.73	2.44	1.20	2.74	2.91	2.87	2.50	3.25
3826.4539N	00146.1800W	501.2	06/19/2025	08:16:57.96	1.2	8	1.95	2.00	4.38	2.14	2.76	2.44	1.31	2.73	3.01	2.85	2.62	3.25
3826.4533N	00146.1797W	501.1	06/19/2025	08:16:58.85	1.2	8	1.88	2.00	4.35	2.15	2.76	2.44	1.34	2.73	3.08	2.85	2.81	3.26
3826.4527N	00146.1794W	501.0	06/19/2025	08:16:59.91	1.2	8	1.83	2.00	4.26	2.15	2.67	2.44	1.24	2.72	2.95	2.82	2.70	3.26
3826.4522N	00146.1792W	501.1	06/19/2025	08:17:00.95	1.2	8	2.23	2.00	4.60	2.15	2.88	2.44	1.30	2.72	3.14	2.86	2.98	3.29
3826.4518N	00146.1789W	501.2	06/19/2025	08:17:01.85	1.2	8	2.10	2.00	4.85	2.15	3.10	2.44	1.83	2.75	3.87	2.92	3.36	3.35
3826.4516N	00146.1788W	501.3	06/19/2025	08:17:02.90	1.2	8	2.02	2.00	4.66	2.15	3.45	2.45	2.38	2.76	4.29	2.93	3.43	3.36
