Latitude	Longitude	Altitude	Date	Time	DOP	Satelites	Cond.1 [mS/m]	Inph.1 [ppt]	Cond.2 [mS/m]	Inph.2 [ppt]	Cond.3 [mS/m]	Inph.3 [ppt]	Cond.4 [mS/m]	Inph.4 [ppt]	Cond.5 [mS/m]	Inph.5 [ppt]	Cond.6 [mS/m]	Inph.6 [ppt]	Note
3826.4250N	00146.2669W	527.4	06/19/2025	08:22:57.85	1.4	6	2.89	2.05	5.98	2.20	5.61	2.46	4.99	2.76	8.19	2.92	9.90	3.31
3826.4249N	00146.2669W	527.0	06/19/2025	08:22:58.91	1.4	6	2.79	2.05	5.82	2.20	5.42	2.47	4.85	2.76	8.12	2.92	9.79	3.30
3826.4249N	00146.2670W	526.7	06/19/2025	08:22:59.96	1.4	6	2.89	2.05	5.91	2.19	5.53	2.46	5.12	2.76	8.46	2.92	10.03	3.33
3826.4249N	00146.2673W	526.5	06/19/2025	08:23:00.85	1.4	6	2.78	2.05	5.80	2.20	5.44	2.46	4.85	2.74	8.23	2.90	9.82	3.29
3826.4250N	00146.2677W	526.2	06/19/2025	08:23:01.91	1.4	6	3.00	2.05	6.14	2.19	5.84	2.45	5.38	2.75	8.67	2.90	10.15	3.29
3826.4252N	00146.2681W	525.7	06/19/2025	08:23:02.96	1.4	6	2.79	2.05	5.85	2.20	5.50	2.45	4.97	2.73	8.23	2.88	9.95	3.27
3826.4254N	00146.2687W	525.3	06/19/2025	08:23:03.86	1.3	7	2.99	2.05	6.18	2.19	5.84	2.46	5.40	2.74	8.67	2.88	10.07	3.29
3826.4256N	00146.2692W	524.8	06/19/2025	08:23:04.91	1.3	7	2.92	2.05	6.09	2.19	5.75	2.45	5.30	2.73	8.61	2.87	9.91	3.25
3826.4258N	00146.2697W	524.4	06/19/2025	08:23:05.96	1.3	7	3.13	2.05	6.32	2.19	6.03	2.46	5.62	2.76	9.05	2.88	10.57	3.27
3826.4260N	00146.2703W	524.1	06/19/2025	08:23:06.86	1.3	7	3.22	2.05	6.49	2.19	6.30	2.46	5.98	2.75	9.65	2.87	11.46	3.25
3826.4262N	00146.2708W	523.6	06/19/2025	08:23:07.91	1.3	7	3.33	2.05	6.69	2.20	6.66	2.46	6.38	2.74	10.13	2.85	12.12	3.21
3826.4265N	00146.2713W	523.2	06/19/2025	08:23:08.96	1.2	8	3.39	2.05	6.84	2.20	6.80	2.46	6.68	2.73	10.70	2.84	12.70	3.23
3826.4267N	00146.2718W	522.9	06/19/2025	08:23:09.86	1.2	8	3.28	2.05	6.67	2.20	6.70	2.46	6.53	2.73	10.46	2.85	12.35	3.24
3826.4268N	00146.2723W	522.7	06/19/2025	08:23:10.91	1.2	8	2.92	2.05	6.18	2.20	6.19	2.45	6.17	2.72	10.00	2.83	11.73	3.23
3826.4268N	00146.2727W	522.5	06/19/2025	08:23:11.96	1.2	8	3.20	2.05	6.67	2.19	6.73	2.45	6.70	2.73	10.21	2.87	11.63	3.27
3826.4269N	00146.2732W	522.3	06/19/2025	08:23:12.86	1.2	8	3.44	2.05	6.97	2.19	7.07	2.45	6.94	2.73	10.38	2.87	12.10	3.28
3826.4272N	00146.2737W	522.1	06/19/2025	08:23:13.91	1.2	8	3.49	2.05	7.06	2.19	7.21	2.45	7.19	2.73	10.78	2.87	12.63	3.24
3826.4276N	00146.2740W	521.8	06/19/2025	08:23:14.96	1.2	8	3.10	2.05	6.49	2.20	6.61	2.45	6.68	2.72	10.51	2.85	12.63	3.23
3826.4279N	00146.2743W	521.6	06/19/2025	08:23:15.86	1.2	8	3.21	2.05	6.67	2.19	6.77	2.45	6.79	2.73	10.42	2.86	11.69	3.24
3826.4281N	00146.2747W	521.4	06/19/2025	08:23:20.94	1.2	8	3.04	2.05	6.30	2.20	6.25	2.45	6.11	2.73	9.70	2.85	11.97	3.23	s
3826.4282N	00146.2754W	520.8	06/19/2025	08:23:21.99	1.2	8	2.83	2.05	6.05	2.20	5.89	2.46	5.80	2.72	9.49	2.81	11.70	3.18
3826.4283N	00146.2758W	520.7	06/19/2025	08:23:23.03	1.2	8	3.15	2.05	6.38	2.20	6.41	2.46	6.51	2.73	10.34	2.83	12.61	3.21
3826.4285N	00146.2762W	520.6	06/19/2025	08:23:23.94	1.2	8	3.06	2.05	6.38	2.20	6.31	2.46	6.20	2.73	9.84	2.82	11.57	3.21
3826.4286N	00146.2765W	520.5	06/19/2025	08:23:24.98	1.2	8	2.97	2.05	6.29	2.20	6.10	2.46	5.90	2.72	9.44	2.83	11.16	3.22
3826.4289N	00146.2768W	520.4	06/19/2025	08:23:26.03	1.2	8	2.93	2.05	6.24	2.20	5.97	2.45	5.69	2.73	9.09	2.85	10.69	3.25
3826.4292N	00146.2771W	520.3	06/19/2025	08:23:26.94	1.2	8	3.37	2.05	6.59	2.19	5.93	2.45	5.48	2.73	8.71	2.85	10.26	3.24
3826.4296N	00146.2771W	520.2	06/19/2025	08:23:27.98	1.2	8	3.04	2.04	6.24	2.19	5.91	2.45	5.64	2.73	8.86	2.85	10.27	3.25
3826.4301N	00146.2771W	520.0	06/19/2025	08:23:29.03	1.2	8	2.88	2.05	5.97	2.19	5.56	2.45	5.03	2.73	8.09	2.86	9.10	3.25
3826.4305N	00146.2769W	519.9	06/19/2025	08:23:29.93	1.2	8	2.48	2.05	5.34	2.20	4.62	2.46	3.89	2.72	6.61	2.82	7.47	3.22
3826.4309N	00146.2770W	519.8	06/19/2025	08:23:30.98	1.2	8	2.27	2.05	5.00	2.20	4.19	2.46	3.48	2.73	6.25	2.83	7.09	3.23
3826.4313N	00146.2772W	519.7	06/19/2025	08:23:32.03	1.2	8	2.25	2.05	4.98	2.20	4.12	2.46	3.27	2.73	5.98	2.83	6.92	3.22
3826.4316N	00146.2775W	519.6	06/19/2025	08:23:32.93	1.2	8	2.20	2.05	4.92	2.20	4.03	2.46	3.19	2.72	5.79	2.83	6.75	3.21
3826.4319N	00146.2778W	519.6	06/19/2025	08:23:33.98	1.2	8	2.15	2.05	4.85	2.20	3.96	2.46	3.13	2.73	5.77	2.84	6.74	3.23
3826.4321N	00146.2781W	519.5	06/19/2025	08:23:35.03	1.2	8	2.17	2.05	4.90	2.19	3.95	2.46	3.05	2.73	5.66	2.85	6.50	3.26
3826.4324N	00146.2786W	519.4	06/19/2025	08:23:35.93	1.2	8	2.13	2.05	4.72	2.20	3.72	2.46	3.04	2.72	5.58	2.84	6.62	3.25
3826.4326N	00146.2790W	519.3	06/19/2025	08:23:36.98	1.2	8	2.25	2.04	4.91	2.19	3.91	2.45	3.13	2.72	5.59	2.83	6.23	3.21
3826.4328N	00146.2795W	519.1	06/19/2025	08:23:38.03	1.2	8	4.41	2.04	6.42	2.19	4.63	2.47	3.32	2.77	5.51	2.91	6.26	3.32
3826.4328N	00146.2800W	519.0	06/19/2025	08:23:38.93	1.2	8	2.30	2.04	5.04	2.19	4.18	2.44	3.45	2.72	6.16	2.87	7.22	3.31
3826.4325N	00146.2804W	518.9	06/19/2025	08:23:39.98	1.2	8	2.60	2.04	5.52	2.18	4.82	2.43	4.16	2.73	6.90	2.89	8.28	3.32
3826.4320N	00146.2805W	518.7	06/19/2025	08:23:41.03	1.2	8	2.86	2.03	5.79	2.17	5.00	2.44	4.40	2.75	7.42	2.93	9.03	3.35
3826.4315N	00146.2803W	518.7	06/19/2025	08:23:41.93	1.2	8	2.98	2.04	5.95	2.18	5.23	2.45	4.75	2.75	7.97	2.90	9.70	3.31
3826.4310N	00146.2800W	518.7	06/19/2025	08:23:42.98	1.2	8	2.88	2.04	5.96	2.18	5.48	2.45	5.06	2.74	8.25	2.89	9.70	3.32
3826.4306N	00146.2796W	518.8	06/19/2025	08:23:44.03	1.2	8	3.05	2.04	6.21	2.17	5.67	2.44	5.27	2.75	8.37	2.92	9.90	3.35
3826.4303N	00146.2791W	518.8	06/19/2025	08:23:44.93	1.2	8	3.31	2.03	6.51	2.17	6.03	2.44	5.64	2.76	8.94	2.92	10.72	3.33
3826.4300N	00146.2785W	518.8	06/19/2025	08:23:45.98	1.2	8	3.06	2.04	6.26	2.18	5.91	2.44	5.56	2.74	8.97	2.90	10.78	3.32
3826.4297N	00146.2780W	518.8	06/19/2025	08:23:47.03	1.2	8	2.89	2.04	6.05	2.18	5.69	2.44	5.43	2.72	8.74	2.85	10.46	3.26
3826.4294N	00146.2774W	518.9	06/19/2025	08:23:47.93	1.2	8	3.08	2.04	6.20	2.19	5.79	2.45	5.53	2.73	9.01	2.85	10.90	3.25
3826.4289N	00146.2769W	518.7	06/19/2025	08:23:48.98	1.2	8	3.16	2.04	6.42	2.18	6.12	2.45	5.93	2.75	9.49	2.89	11.51	3.27
3826.4285N	00146.2765W	518.8	06/19/2025	08:23:50.03	1.2	8	3.11	2.04	6.35	2.18	6.10	2.45	6.12	2.72	9.65	2.87	11.69	3.26
3826.4282N	00146.2761W	518.7	06/19/2025	08:23:50.93	1.2	8	2.85	2.04	6.02	2.19	5.77	2.45	5.65	2.71	9.13	2.84	11.09	3.24
3826.4279N	00146.2756W	518.6	06/19/2025	08:23:51.98	1.2	8	3.16	2.04	6.51	2.19	6.41	2.45	6.36	2.72	9.82	2.84	11.70	3.20
3826.4275N	00146.2750W	518.5	06/19/2025	08:23:53.03	1.2	8	3.12	2.04	6.53	2.19	6.56	2.45	6.63	2.72	10.39	2.84	12.75	3.20
3826.4273N	00146.2744W	518.5	06/19/2025	08:23:53.93	1.2	8	3.35	2.04	6.88	2.19	7.04	2.46	7.29	2.72	11.18	2.84	13.35	3.19
3826.4271N	00146.2736W	518.3	06/19/2025	08:23:54.98	1.2	8	3.12	2.04	6.60	2.19	6.72	2.45	6.91	2.73	10.88	2.84	12.90	3.21
3826.4268N	00146.2731W	518.2	06/19/2025	08:23:56.03	1.2	8	3.09	2.04	6.34	2.19	6.33	2.45	6.45	2.72	10.33	2.84	12.42	3.25
3826.4263N	00146.2729W	518.0	06/19/2025	08:23:56.93	1.2	8	3.54	2.04	7.23	2.18	7.48	2.45	7.68	2.74	11.36	2.88	12.96	3.28
3826.4258N	00146.2726W	517.8	06/19/2025	08:23:57.98	1.2	8	3.28	2.04	6.80	2.18	6.89	2.45	6.94	2.74	10.60	2.87	12.55	3.26
3826.4253N	00146.2723W	517.5	06/19/2025	08:23:59.03	1.2	8	3.54	2.04	7.09	2.18	7.09	2.45	7.21	2.73	11.05	2.85	13.36	3.27
3826.4248N	00146.2719W	517.3	06/19/2025	08:23:59.93	1.2	8	3.43	2.04	7.05	2.18	7.25	2.45	7.55	2.74	11.83	2.86	14.13	3.24
3826.4243N	00146.2714W	517.1	06/19/2025	08:24:00.98	1.2	8	3.78	2.03	7.42	2.18	7.56	2.46	7.67	2.76	11.42	2.89	13.21	3.27
3826.4238N	00146.2709W	517.0	06/19/2025	08:24:02.03	1.2	8	3.81	2.04	7.49	2.18	7.57	2.45	7.65	2.75	11.63	2.89	13.64	3.26
3826.4233N	00146.2705W	517.0	06/19/2025	08:24:02.93	1.2	8	3.60	2.04	7.26	2.18	7.46	2.45	7.54	2.74	11.56	2.88	13.84	3.29
3826.4229N	00146.2702W	516.9	06/19/2025	08:24:03.98	1.2	8	3.34	2.04	6.87	2.18	6.89	2.45	6.89	2.73	10.62	2.86	12.44	3.26
3826.4226N	00146.2698W	516.8	06/19/2025	08:24:05.03	1.2	8	3.14	2.04	6.56	2.19	6.52	2.45	6.42	2.72	10.00	2.84	11.68	3.22
3826.4223N	00146.2693W	516.7	06/19/2025	08:24:05.93	1.2	8	3.43	2.04	6.92	2.18	6.83	2.45	6.69	2.74	10.06	2.84	11.27	3.23
3826.4223N	00146.2689W	516.7	06/19/2025	08:24:06.98	1.2	8	3.04	2.04	6.32	2.19	6.16	2.46	5.91	2.72	9.32	2.82	11.13	3.19
3826.4224N	00146.2684W	516.7	06/19/2025	08:24:08.03	1.2	8	3.24	2.04	6.58	2.19	6.39	2.46	6.17	2.73	9.68	2.85	11.40	3.23
3826.4223N	00146.2678W	516.6	06/19/2025	08:24:08.93	1.2	8	3.17	2.04	6.49	2.18	6.20	2.45	5.98	2.73	9.42	2.84	11.00	3.19
3826.4221N	00146.2673W	516.5	06/19/2025	08:24:09.98	1.2	8	3.31	2.03	6.61	2.18	6.27	2.46	6.00	2.75	9.35	2.84	11.12	3.21
3826.4219N	00146.2668W	516.4	06/19/2025	08:24:10.88	1.2	8	3.16	2.04	6.50	2.18	6.23	2.46	5.97	2.74	9.56	2.85	11.23	3.24
3826.4218N	00146.2662W	516.2	06/19/2025	08:24:11.93	1.2	8	3.14	2.04	6.41	2.18	6.14	2.46	5.82	2.74	9.38	2.86	11.02	3.23
3826.4218N	00146.2656W	516.1	06/19/2025	08:24:12.98	1.2	8	3.20	2.04	6.55	2.18	6.25	2.45	5.99	2.74	9.46	2.85	11.36	3.23
3826.4217N	00146.2650W	516.0	06/19/2025	08:24:13.88	1.2	8	3.29	2.03	6.61	2.18	6.43	2.45	6.22	2.73	9.76	2.83	11.25	3.20
3826.4216N	00146.2645W	515.9	06/19/2025	08:24:14.93	1.2	8	2.86	2.04	6.02	2.19	5.75	2.46	5.56	2.72	8.82	2.81	10.53	3.21
3826.4214N	00146.2645W	515.8	06/19/2025	08:24:15.98	1.2	8	2.76	2.04	5.85	2.19	5.49	2.46	5.19	2.72	8.36	2.83	9.87	3.23
3826.4212N	00146.2648W	515.8	06/19/2025	08:24:16.88	1.2	8	2.77	2.04	5.95	2.19	5.63	2.46	5.32	2.72	8.64	2.82	10.29	3.22
3826.4209N	00146.2652W	515.8	06/19/2025	08:24:17.93	1.2	8	3.14	2.04	6.39	2.19	6.01	2.46	5.74	2.72	8.98	2.83	10.48	3.24
3826.4206N	00146.2655W	516.0	06/19/2025	08:24:18.98	1.2	8	2.66	2.04	5.58	2.20	5.15	2.46	4.82	2.73	8.12	2.83	9.48	3.23
3826.4204N	00146.2656W	516.1	06/19/2025	08:24:19.88	1.2	8	2.74	2.04	5.82	2.19	5.32	2.45	4.97	2.72	8.12	2.84	9.47	3.25
3826.4203N	00146.2660W	516.2	06/19/2025	08:24:20.93	1.2	8	2.60	2.04	5.58	2.19	5.05	2.46	4.72	2.72	7.82	2.85	9.19	3.25
3826.4202N	00146.2664W	516.3	06/19/2025	08:24:21.98	1.2	8	2.64	2.04	5.62	2.19	5.04	2.45	4.67	2.72	7.75	2.84	9.08	3.25
3826.4201N	00146.2669W	516.2	06/19/2025	08:24:22.88	1.2	8	2.61	2.04	5.61	2.19	5.05	2.45	4.64	2.72	7.67	2.84	8.88	3.25
3826.4201N	00146.2675W	516.1	06/19/2025	08:24:23.93	1.2	8	2.58	2.04	5.55	2.19	4.91	2.46	4.51	2.72	7.43	2.84	8.44	3.22
3826.4202N	00146.2680W	516.1	06/19/2025	08:24:24.98	1.2	8	2.45	2.04	5.33	2.19	4.65	2.45	4.09	2.72	6.98	2.84	8.16	3.24
3826.4203N	00146.2687W	516.1	06/19/2025	08:24:25.88	1.2	8	2.52	2.04	5.48	2.19	4.88	2.45	4.38	2.73	7.37	2.84	8.80	3.23
3826.4205N	00146.2693W	516.1	06/19/2025	08:24:26.93	1.2	8	2.52	2.04	5.44	2.19	4.80	2.45	4.29	2.73	7.36	2.85	8.66	3.25
3826.4207N	00146.2698W	516.1	06/19/2025	08:24:27.98	1.2	8	2.59	2.04	5.54	2.18	4.85	2.45	4.38	2.73	7.34	2.86	8.67	3.24
3826.4208N	00146.2703W	516.1	06/19/2025	08:24:28.88	1.2	8	2.67	2.04	5.70	2.18	4.99	2.45	4.47	2.73	7.39	2.84	8.65	3.23
3826.4211N	00146.2707W	516.1	06/19/2025	08:24:29.93	1.2	8	2.69	2.04	5.71	2.19	5.09	2.46	4.59	2.73	7.55	2.84	8.62	3.23
3826.4213N	00146.2712W	516.1	06/19/2025	08:24:30.98	1.2	8	2.56	2.04	5.55	2.19	4.88	2.46	4.42	2.73	7.41	2.83	8.64	3.21
3826.4214N	00146.2718W	516.1	06/19/2025	08:24:31.88	1.2	8	2.60	2.04	5.61	2.19	5.01	2.46	4.52	2.73	7.53	2.83	8.65	3.22
3826.4215N	00146.2724W	516.2	06/19/2025	08:24:32.93	1.2	8	2.55	2.04	5.49	2.19	4.82	2.45	4.29	2.73	7.16	2.85	8.31	3.23
3826.4216N	00146.2729W	516.2	06/19/2025	08:24:33.97	1.2	8	2.36	2.04	5.24	2.19	4.38	2.46	3.74	2.73	6.56	2.84	7.88	3.21
3826.4217N	00146.2735W	516.2	06/19/2025	08:24:34.88	1.2	8	2.41	2.04	5.32	2.19	4.57	2.46	4.01	2.73	7.04	2.83	8.27	3.23
3826.4219N	00146.2740W	516.1	06/19/2025	08:24:35.93	1.2	8	2.49	2.04	5.40	2.19	4.71	2.46	4.17	2.73	7.17	2.84	8.72	3.24
3826.4222N	00146.2745W	516.0	06/19/2025	08:24:36.97	1.2	8	2.66	2.04	5.64	2.18	5.01	2.45	4.49	2.73	7.50	2.84	8.75	3.24
3826.4225N	00146.2749W	515.9	06/19/2025	08:24:37.88	1.2	8	2.62	2.03	5.61	2.18	4.97	2.45	4.46	2.74	7.45	2.86	8.82	3.25
3826.4228N	00146.2753W	515.9	06/19/2025	08:24:38.92	1.2	8	2.61	2.03	5.52	2.18	4.80	2.46	4.27	2.74	7.37	2.86	8.71	3.27
3826.4230N	00146.2757W	515.8	06/19/2025	08:24:39.97	1.2	8	2.42	2.04	5.25	2.19	4.58	2.46	4.09	2.72	7.19	2.83	8.73	3.21
3826.4233N	00146.2760W	515.7	06/19/2025	08:24:40.88	1.2	8	2.49	2.04	5.37	2.19	4.70	2.46	4.22	2.73	7.14	2.83	8.65	3.24
3826.4237N	00146.2763W	515.6	06/19/2025	08:24:41.92	1.2	8	2.58	2.03	5.52	2.18	4.95	2.45	4.57	2.72	7.64	2.82	9.05	3.22
3826.4240N	00146.2766W	515.6	06/19/2025	08:24:42.97	1.2	8	2.59	2.04	5.59	2.19	5.05	2.46	4.76	2.72	7.79	2.83	9.33	3.22
3826.4244N	00146.2768W	515.5	06/19/2025	08:24:43.88	1.2	8	2.88	2.03	6.04	2.18	5.64	2.45	5.38	2.73	8.63	2.84	10.32	3.23
3826.4248N	00146.2769W	515.5	06/19/2025	08:24:44.92	1.2	8	2.80	2.04	5.93	2.19	5.56	2.46	5.45	2.73	8.85	2.84	10.72	3.23
3826.4251N	00146.2771W	515.6	06/19/2025	08:24:45.98	1.2	8	2.44	2.04	5.33	2.19	4.92	2.46	4.62	2.72	8.01	2.82	9.88	3.21
3826.4251N	00146.2772W	515.6	06/19/2025	08:24:46.87	1.2	8	2.38	2.04	5.25	2.19	4.68	2.46	4.30	2.73	7.76	2.83	9.76	3.18
3826.4251N	00146.2772W	515.7	06/19/2025	08:24:47.92	1.2	8	2.35	2.04	5.22	2.19	4.63	2.46	4.28	2.72	7.79	2.82	9.65	3.21
3826.4250N	00146.2774W	515.7	06/19/2025	08:24:48.98	1.2	8	2.75	2.03	5.88	2.18	5.54	2.45	5.29	2.73	8.86	2.85	10.69	3.24
3826.4252N	00146.2777W	515.8	06/19/2025	08:24:49.87	1.2	8	2.39	2.03	5.44	2.19	4.95	2.45	4.76	2.72	8.17	2.83	10.19	3.22
3826.4255N	00146.2779W	515.8	06/19/2025	08:24:50.92	1.2	8	2.58	2.03	5.66	2.18	5.26	2.45	5.05	2.72	8.50	2.83	10.43	3.21
3826.4258N	00146.2781W	515.8	06/19/2025	08:24:51.98	1.2	8	2.98	2.03	6.19	2.18	6.00	2.45	5.74	2.73	9.21	2.84	11.14	3.22
3826.4262N	00146.2782W	515.7	06/19/2025	08:24:52.87	1.2	8	3.05	2.03	6.32	2.18	6.23	2.45	5.98	2.72	9.66	2.83	11.49	3.21
3826.4266N	00146.2783W	515.7	06/19/2025	08:24:53.93	1.2	8	3.30	2.02	6.62	2.17	6.41	2.45	6.16	2.73	9.52	2.87	10.97	3.26
3826.4270N	00146.2783W	515.7	06/19/2025	08:24:54.98	1.2	8	3.12	2.03	6.48	2.17	6.28	2.45	6.03	2.73	9.41	2.85	10.96	3.22
3826.4275N	00146.2784W	515.8	06/19/2025	08:24:55.88	1.2	8	3.06	2.03	6.37	2.17	6.20	2.44	5.91	2.72	9.22	2.85	10.64	3.23
3826.4278N	00146.2784W	515.8	06/19/2025	08:24:56.93	1.2	8	2.90	2.03	5.88	2.18	5.78	2.45	5.53	2.72	9.02	2.85	10.64	3.26
3826.4280N	00146.2784W	515.9	06/19/2025	08:24:57.97	1.2	8	3.70	2.03	6.35	2.18	5.89	2.45	5.54	2.72	8.92	2.85	10.31	3.27
3826.4281N	00146.2785W	516.0	06/19/2025	08:24:58.88	1.2	8	3.05	2.03	6.23	2.18	5.97	2.45	5.48	2.72	8.95	2.86	10.39	3.29
3826.4285N	00146.2785W	516.0	06/19/2025	08:24:59.92	1.2	8	2.74	2.03	5.84	2.18	5.58	2.45	5.21	2.71	8.76	2.85	10.42	3.29
3826.4289N	00146.2785W	516.0	06/19/2025	08:25:00.98	1.2	8	2.90	2.03	6.08	2.17	5.65	2.44	5.38	2.72	8.66	2.87	10.19	3.29
3826.4293N	00146.2787W	516.0	06/19/2025	08:25:01.87	1.2	8	2.86	2.03	6.05	2.17	5.56	2.44	5.10	2.72	8.21	2.85	9.33	3.28
3826.4296N	00146.2791W	516.1	06/19/2025	08:25:02.93	1.2	8	2.74	2.03	5.87	2.17	5.31	2.44	4.78	2.72	7.82	2.87	8.88	3.28
3826.4299N	00146.2796W	515.9	06/19/2025	08:25:03.98	1.2	8	2.73	2.02	5.71	2.17	5.02	2.45	4.38	2.73	7.43	2.85	8.79	3.26
3826.4300N	00146.2801W	515.6	06/19/2025	08:25:04.87	1.2	8	2.46	2.03	5.41	2.18	4.85	2.45	4.45	2.71	7.80	2.83	9.40	3.24
3826.4298N	00146.2805W	515.5	06/19/2025	08:25:05.93	1.2	8	2.77	2.03	5.89	2.17	5.43	2.44	5.07	2.73	8.39	2.88	10.15	3.27
3826.4295N	00146.2807W	515.5	06/19/2025	08:25:06.97	1.2	8	2.71	2.03	5.82	2.17	5.40	2.44	5.06	2.72	8.47	2.85	10.24	3.28
3826.4292N	00146.2807W	515.8	06/19/2025	08:25:07.87	1.2	8	3.10	2.02	6.31	2.16	5.92	2.44	5.63	2.76	9.10	2.93	10.87	3.34
3826.4287N	00146.2806W	516.0	06/19/2025	08:25:08.92	1.2	8	2.98	2.03	6.25	2.16	5.88	2.43	5.58	2.73	9.06	2.91	11.02	3.34
3826.4283N	00146.2803W	516.2	06/19/2025	08:25:09.97	1.2	8	3.09	2.02	6.38	2.16	6.08	2.43	5.82	2.74	9.36	2.90	11.27	3.29
3826.4279N	00146.2800W	516.3	06/19/2025	08:25:10.87	1.2	8	3.32	2.02	6.66	2.16	6.26	2.43	6.01	2.73	9.39	2.87	10.95	3.31
3826.4275N	00146.2798W	516.4	06/19/2025	08:25:11.92	1.2	8	3.12	2.02	6.48	2.17	6.26	2.44	5.92	2.73	9.28	2.89	10.83	3.31
3826.4272N	00146.2795W	516.4	06/19/2025	08:25:12.97	1.2	8	3.41	2.02	6.73	2.16	6.46	2.45	6.30	2.76	9.88	2.89	11.86	3.28
3826.4272N	00146.2790W	516.4	06/19/2025	08:25:13.87	1.2	8	3.48	2.02	6.84	2.16	6.49	2.45	6.30	2.75	9.93	2.90	11.79	3.27
3826.4272N	00146.2783W	516.3	06/19/2025	08:25:14.92	1.2	8	3.41	2.02	6.80	2.16	6.49	2.45	6.35	2.75	9.99	2.88	12.00	3.26
3826.4270N	00146.2776W	516.3	06/19/2025	08:25:15.97	1.2	8	3.06	2.03	6.38	2.17	6.24	2.45	6.07	2.72	9.70	2.84	11.81	3.24
3826.4266N	00146.2771W	516.4	06/19/2025	08:25:16.87	1.2	8	2.93	2.03	6.19	2.17	6.11	2.45	5.98	2.72	9.71	2.85	12.08	3.25
3826.4263N	00146.2768W	516.4	06/19/2025	08:25:17.92	1.2	8	2.56	2.03	5.58	2.18	5.29	2.45	5.15	2.71	8.81	2.83	11.27	3.24
3826.4262N	00146.2764W	516.3	06/19/2025	08:25:18.82	1.2	8	2.48	2.03	5.47	2.18	5.09	2.45	4.91	2.72	8.68	2.82	10.95	3.21
3826.4263N	00146.2761W	516.3	06/19/2025	08:25:19.87	1.2	8	2.53	2.03	5.51	2.18	5.27	2.45	5.05	2.72	8.72	2.83	10.77	3.22
3826.4263N	00146.2761W	516.3	06/19/2025	08:25:20.92	1.2	8	2.42	2.03	5.33	2.18	5.01	2.45	4.81	2.71	8.46	2.83	10.80	3.21
3826.4263N	00146.2760W	516.3	06/19/2025	08:25:21.97	1.2	8	2.93	2.02	6.18	2.17	6.07	2.44	5.94	2.73	9.71	2.86	11.73	3.21
3826.4263N	00146.2757W	516.3	06/19/2025	08:25:22.87	1.2	8	2.77	2.03	5.93	2.18	5.75	2.45	5.83	2.73	9.33	2.81	11.66	3.18
3826.4263N	00146.2755W	516.3	06/19/2025	08:25:26.74	1.2	8	3.54	2.02	7.00	2.16	7.24	2.47	9.04	2.76	10.22	2.80	13.02	3.23	s
3826.4263N	00146.2755W	516.3	06/19/2025	08:25:27.79	1.2	8	3.51	2.02	6.96	2.16	7.23	2.47	8.83	2.75	10.41	2.80	13.10	3.23
3826.4263N	00146.2753W	516.4	06/19/2025	08:25:28.84	1.2	8	3.23	2.02	6.71	2.17	6.88	2.45	7.24	2.74	9.88	2.77	12.63	3.18
3826.4263N	00146.2753W	516.4	06/19/2025	08:25:29.74	1.2	8	5.33	2.03	9.53	2.19	7.33	2.45	6.56	2.71	10.05	2.83	12.38	3.19
3826.4261N	00146.2745W	516.7	06/19/2025	08:25:30.79	1.2	8	2.99	2.03	6.28	2.18	6.18	2.45	6.07	2.72	9.82	2.82	12.11	3.20
3826.4259N	00146.2738W	516.8	06/19/2025	08:25:31.84	1.2	8	2.95	2.03	6.27	2.18	6.23	2.45	6.19	2.72	9.99	2.83	12.04	3.20
3826.4259N	00146.2738W	516.8	06/19/2025	08:25:32.74	1.2	8	3.20	2.03	6.65	2.17	6.65	2.45	6.66	2.72	10.56	2.84	12.91	3.24
3826.4255N	00146.2724W	517.2	06/19/2025	08:25:33.79	1.2	8	3.23	2.02	6.69	2.17	6.75	2.44	6.81	2.72	10.56	2.83	12.75	3.22
3826.4251N	00146.2718W	517.3	06/19/2025	08:25:34.84	1.2	8	3.41	2.02	6.96	2.17	6.99	2.45	7.10	2.73	11.06	2.85	13.46	3.24
3826.4251N	00146.2718W	517.3	06/19/2025	08:25:35.74	1.2	8	3.57	2.02	7.21	2.16	7.31	2.46	7.40	2.76	11.24	2.88	13.24	3.28
3826.4245N	00146.2707W	517.6	06/19/2025	08:25:36.79	1.2	8	3.57	2.02	7.19	2.16	7.29	2.44	7.38	2.73	11.21	2.86	13.15	3.25
3826.4240N	00146.2702W	518.0	06/19/2025	08:25:37.84	1.2	8	3.49	2.02	7.11	2.17	7.24	2.44	7.36	2.73	11.34	2.85	13.67	3.23
3826.4240N	00146.2702W	518.0	06/19/2025	08:25:38.74	1.2	8	3.12	2.03	6.54	2.17	6.56	2.44	6.49	2.71	10.38	2.83	12.53	3.22
3826.4233N	00146.2693W	518.6	06/19/2025	08:25:39.79	1.2	8	2.93	2.03	6.24	2.18	6.08	2.45	5.92	2.72	9.55	2.81	11.28	3.20
3826.4231N	00146.2687W	518.7	06/19/2025	08:25:40.84	1.2	8	3.27	2.02	6.77	2.17	6.60	2.45	6.40	2.73	9.74	2.83	10.92	3.21
3826.4231N	00146.2687W	518.7	06/19/2025	08:25:41.74	1.2	8	3.04	2.02	6.42	2.17	6.15	2.45	5.87	2.73	9.17	2.83	10.74	3.22
3826.4226N	00146.2675W	519.1	06/19/2025	08:25:42.79	1.2	8	2.98	2.02	6.25	2.17	5.89	2.45	5.48	2.74	8.72	2.85	10.12	3.26
3826.4223N	00146.2669W	519.2	06/19/2025	08:25:43.84	1.2	8	2.92	2.02	6.11	2.17	5.67	2.44	5.19	2.73	8.35	2.85	9.83	3.24
3826.4223N	00146.2669W	519.2	06/19/2025	08:25:44.74	1.2	8	2.90	2.02	6.08	2.17	5.67	2.45	5.20	2.72	8.36	2.82	9.89	3.22
3826.4217N	00146.2657W	519.3	06/19/2025	08:25:45.79	1.2	8	2.80	2.02	5.99	2.17	5.58	2.45	5.19	2.73	8.21	2.82	9.78	3.24
3826.4214N	00146.2653W	519.3	06/19/2025	08:25:46.84	1.2	8	2.90	2.02	6.06	2.17	5.56	2.45	4.98	2.73	7.85	2.85	9.24	3.26
3826.4214N	00146.2653W	519.3	06/19/2025	08:25:47.74	1.2	8	2.77	2.02	5.94	2.17	5.47	2.45	4.96	2.72	7.96	2.83	9.31	3.24
3826.4205N	00146.2650W	519.4	06/19/2025	08:25:48.79	1.2	8	2.82	2.02	6.00	2.17	5.55	2.45	5.07	2.72	7.98	2.81	8.89	3.22
3826.4200N	00146.2650W	519.4	06/19/2025	08:25:49.84	1.2	8	2.87	2.02	6.05	2.17	5.44	2.45	4.83	2.72	7.64	2.82	8.31	3.25
3826.4200N	00146.2650W	519.4	06/19/2025	08:25:50.74	1.2	8	2.55	2.02	5.55	2.17	4.87	2.45	4.19	2.72	7.10	2.81	7.90	3.22
3826.4192N	00146.2657W	519.5	06/19/2025	08:25:51.79	1.2	8	2.81	2.03	5.25	2.18	4.36	2.45	3.60	2.72	6.43	2.84	7.39	3.24
3826.4189N	00146.2661W	519.5	06/19/2025	08:25:52.84	1.2	8	2.27	2.02	5.14	2.17	4.35	2.45	3.53	2.72	6.35	2.84	7.41	3.26
3826.4189N	00146.2661W	519.5	06/19/2025	08:25:53.74	1.2	8	2.30	2.02	5.12	2.17	4.30	2.45	3.56	2.72	6.32	2.82	7.42	3.20
3826.4188N	00146.2672W	519.4	06/19/2025	08:25:54.79	1.2	8	2.41	2.02	5.29	2.17	4.42	2.45	3.68	2.72	6.45	2.84	7.43	3.23
3826.4188N	00146.2678W	519.3	06/19/2025	08:25:55.84	1.2	8	2.41	2.02	5.30	2.17	4.39	2.45	3.56	2.73	6.25	2.84	7.06	3.25
3826.4188N	00146.2678W	519.3	06/19/2025	08:25:56.74	1.2	8	2.33	2.02	5.12	2.17	4.27	2.45	3.42	2.73	6.13	2.85	6.75	3.23
3826.4190N	00146.2690W	519.2	06/19/2025	08:25:57.79	1.2	8	2.34	2.02	5.14	2.17	4.26	2.45	3.42	2.73	6.13	2.84	6.86	3.23
3826.4193N	00146.2696W	519.3	06/19/2025	08:25:58.84	1.2	8	2.35	2.02	5.16	2.17	4.27	2.45	3.44	2.73	5.99	2.83	6.89	3.22
3826.4193N	00146.2696W	519.3	06/19/2025	08:25:59.74	1.2	8	2.18	2.02	4.93	2.17	4.03	2.45	3.17	2.72	5.97	2.83	6.81	3.22
3826.4195N	00146.2708W	519.3	06/19/2025	08:26:00.79	1.2	8	2.47	2.02	5.14	2.17	4.21	2.45	3.38	2.73	6.18	2.84	7.07	3.23
3826.4195N	00146.2708W	519.3	06/19/2025	08:26:01.69	1.2	8	2.49	2.02	5.29	2.17	4.44	2.45	3.64	2.72	6.41	2.84	7.33	3.25
3826.4197N	00146.2714W	519.1	06/19/2025	08:26:02.73	1.2	8	2.32	2.02	5.16	2.17	4.30	2.45	3.56	2.73	6.14	2.85	6.88	3.25
3826.4204N	00146.2724W	519.0	06/19/2025	08:26:03.79	1.2	8	2.20	2.02	4.94	2.17	4.06	2.45	3.14	2.73	5.72	2.84	6.64	3.24
3826.4204N	00146.2724W	519.0	06/19/2025	08:26:04.69	1.2	8	2.21	2.02	4.96	2.17	4.07	2.45	3.24	2.73	6.11	2.84	7.15	3.22
3826.4206N	00146.2728W	518.9	06/19/2025	08:26:05.73	1.2	8	2.31	2.02	5.14	2.17	4.37	2.45	3.65	2.73	6.54	2.85	7.73	3.23
3826.4209N	00146.2740W	518.8	06/19/2025	08:26:06.78	1.2	8	2.36	2.02	5.19	2.17	4.45	2.46	3.74	2.73	6.62	2.85	7.79	3.23
3826.4209N	00146.2740W	518.8	06/19/2025	08:26:07.69	1.2	8	2.40	2.02	5.27	2.17	4.50	2.45	3.78	2.74	6.67	2.85	7.76	3.22
3826.4212N	00146.2744W	518.7	06/19/2025	08:26:08.74	1.2	8	2.47	2.02	5.46	2.17	4.58	2.45	3.85	2.74	6.80	2.86	8.02	3.24
3826.4217N	00146.2753W	518.5	06/19/2025	08:26:09.78	1.2	8	2.44	2.02	5.34	2.17	4.59	2.45	3.93	2.74	6.95	2.85	8.20	3.23
3826.4217N	00146.2753W	518.5	06/19/2025	08:26:10.68	1.2	8	2.54	2.02	5.48	2.17	4.80	2.45	4.18	2.74	7.12	2.85	8.63	3.22
3826.4221N	00146.2758W	518.4	06/19/2025	08:26:11.73	1.2	8	2.47	2.02	5.43	2.17	4.82	2.45	4.20	2.73	7.40	2.83	9.15	3.22
3826.4226N	00146.2767W	518.2	06/19/2025	08:26:12.79	1.2	8	2.45	2.02	5.42	2.17	4.78	2.45	4.24	2.73	7.38	2.85	8.74	3.23
3826.4226N	00146.2767W	518.2	06/19/2025	08:26:13.68	1.2	8	2.69	2.02	5.84	2.17	5.30	2.45	4.80	2.74	7.92	2.87	9.01	3.25
3826.4227N	00146.2773W	518.2	06/19/2025	08:26:14.73	1.2	8	3.02	2.02	6.31	2.16	6.04	2.45	5.79	2.74	9.20	2.86	10.54	3.24
3826.4227N	00146.2785W	518.2	06/19/2025	08:26:15.79	1.2	8	2.79	2.02	6.02	2.17	5.73	2.45	5.45	2.73	8.93	2.86	10.58	3.25
3826.4227N	00146.2785W	518.2	06/19/2025	08:26:16.68	1.2	8	2.76	2.02	5.97	2.17	5.57	2.45	5.17	2.73	8.70	2.86	10.40	3.24
3826.4227N	00146.2791W	518.3	06/19/2025	08:26:17.74	1.2	8	2.54	2.02	5.59	2.17	5.10	2.45	4.76	2.72	8.14	2.84	10.01	3.23
3826.4231N	00146.2803W	518.9	06/19/2025	08:26:18.79	1.2	8	2.74	2.02	5.90	2.16	5.45	2.45	5.07	2.74	8.46	2.85	10.24	3.23
3826.4231N	00146.2803W	518.9	06/19/2025	08:26:19.68	1.2	8	2.81	2.02	6.00	2.17	5.56	2.45	5.19	2.73	8.59	2.83	10.29	3.21
3826.4234N	00146.2809W	518.9	06/19/2025	08:26:20.74	1.2	8	2.74	2.02	5.94	2.17	5.45	2.45	5.00	2.74	8.28	2.85	9.82	3.23
3826.4237N	00146.2821W	519.0	06/19/2025	08:26:21.79	1.2	8	2.72	2.02	5.92	2.17	5.41	2.45	4.97	2.74	8.28	2.86	9.99	3.22
3826.4237N	00146.2821W	519.0	06/19/2025	08:26:22.69	1.2	8	2.72	2.02	5.87	2.17	5.32	2.45	4.85	2.73	8.14	2.84	9.58	3.22
3826.4239N	00146.2828W	519.1	06/19/2025	08:26:23.74	1.2	8	2.83	2.02	6.01	2.17	5.50	2.45	5.04	2.73	8.22	2.85	9.70	3.22
3826.4246N	00146.2839W	519.1	06/19/2025	08:26:24.79	1.2	8	2.66	2.02	5.79	2.17	5.25	2.45	4.82	2.73	7.98	2.83	9.36	3.23
3826.4246N	00146.2839W	519.1	06/19/2025	08:26:25.69	1.2	8	2.46	2.02	5.53	2.17	5.01	2.45	4.63	2.72	7.85	2.83	9.38	3.24
3826.4245N	00146.2841W	519.1	06/19/2025	08:26:26.73	1.2	8	2.71	2.02	5.88	2.16	5.45	2.45	5.13	2.73	8.38	2.86	9.88	3.27
3826.4240N	00146.2835W	519.3	06/19/2025	08:26:27.78	1.2	8	2.75	2.02	5.94	2.16	5.44	2.45	5.01	2.74	8.25	2.87	9.90	3.26
3826.4240N	00146.2835W	519.3	06/19/2025	08:26:28.69	1.2	8	2.81	2.02	6.04	2.16	5.62	2.45	5.24	2.74	8.48	2.85	10.01	3.26
3826.4235N	00146.2829W	519.4	06/19/2025	08:26:29.74	1.2	8	3.05	2.01	6.32	2.16	5.82	2.45	5.31	2.75	8.63	2.87	10.24	3.23
3826.4227N	00146.2819W	519.5	06/19/2025	08:26:30.79	1.2	8	2.82	2.02	6.09	2.17	5.56	2.45	5.13	2.73	8.49	2.85	10.21	3.24
3826.4227N	00146.2819W	519.5	06/19/2025	08:26:31.69	1.2	8	2.77	2.02	5.91	2.17	5.47	2.45	5.12	2.75	8.52	2.87	10.18	3.25
3826.4224N	00146.2811W	519.5	06/19/2025	08:26:32.74	1.2	8	3.11	2.01	6.35	2.16	5.88	2.45	5.50	2.75	8.79	2.86	10.45	3.22
3826.4218N	00146.2796W	519.4	06/19/2025	08:26:33.79	1.2	8	2.91	2.02	6.09	2.16	5.59	2.45	5.22	2.75	8.49	2.86	10.16	3.23
3826.4218N	00146.2796W	519.4	06/19/2025	08:26:34.69	1.2	8	2.79	2.02	5.95	2.17	5.44	2.45	5.06	2.75	8.33	2.85	9.70	3.24
3826.4215N	00146.2788W	519.4	06/19/2025	08:26:35.74	1.2	8	2.81	2.02	5.94	2.16	5.39	2.46	4.90	2.75	7.95	2.86	9.04	3.24
3826.4211N	00146.2775W	519.3	06/19/2025	08:26:36.78	1.2	8	2.99	2.01	6.10	2.16	5.45	2.46	4.86	2.76	7.77	2.87	8.91	3.28
3826.4211N	00146.2775W	519.3	06/19/2025	08:26:37.69	1.2	8	2.85	2.02	5.95	2.16	5.38	2.44	4.73	2.75	7.63	2.89	8.97	3.27
3826.4209N	00146.2768W	519.2	06/19/2025	08:26:38.74	1.2	8	2.39	2.02	5.27	2.17	4.67	2.45	4.16	2.72	7.04	2.83	8.49	3.22
3826.4204N	00146.2754W	519.1	06/19/2025	08:26:39.78	1.2	8	2.27	2.02	5.14	2.17	4.39	2.45	3.88	2.72	6.65	2.81	7.90	3.19
3826.4204N	00146.2754W	519.1	06/19/2025	08:26:40.69	1.2	8	2.45	2.02	5.45	2.17	4.65	2.45	3.95	2.73	6.78	2.84	7.79	3.22
3826.4201N	00146.2747W	519.1	06/19/2025	08:26:41.73	1.2	8	2.31	2.02	5.22	2.17	4.44	2.45	3.65	2.72	6.38	2.82	7.37	3.21
3826.4194N	00146.2738W	519.1	06/19/2025	08:26:42.78	1.2	8	2.41	2.02	5.31	2.17	4.54	2.45	3.80	2.73	6.48	2.83	7.43	3.23
3826.4194N	00146.2738W	519.1	06/19/2025	08:26:43.68	1.2	8	2.28	2.02	5.19	2.17	4.34	2.45	3.53	2.73	6.12	2.84	7.10	3.22
3826.4190N	00146.2734W	519.1	06/19/2025	08:26:44.73	1.2	8	2.41	2.02	5.29	2.17	4.43	2.45	3.60	2.74	6.17	2.85	6.99	3.25
3826.4184N	00146.2723W	519.2	06/19/2025	08:26:45.78	1.2	8	2.34	2.02	5.21	2.17	4.25	2.45	3.31	2.74	5.82	2.85	6.78	3.24
3826.4184N	00146.2723W	519.2	06/19/2025	08:26:46.68	1.2	8	2.32	2.02	5.15	2.17	4.23	2.45	3.31	2.74	5.97	2.84	6.82	3.23
3826.4182N	00146.2716W	519.2	06/19/2025	08:26:47.73	1.2	8	2.36	2.02	5.21	2.17	4.25	2.45	3.40	2.74	5.94	2.85	6.81	3.24
3826.4178N	00146.2703W	519.3	06/19/2025	08:26:48.78	1.2	8	2.31	2.02	5.18	2.17	4.25	2.45	3.40	2.72	5.91	2.80	6.61	3.17
3826.4178N	00146.2703W	519.3	06/19/2025	08:26:49.68	1.2	8	2.28	2.02	5.09	2.17	4.17	2.45	3.27	2.73	5.71	2.84	6.48	3.24
3826.4177N	00146.2696W	519.4	06/19/2025	08:26:50.73	1.2	8	2.28	2.02	5.09	2.17	4.23	2.45	3.41	2.73	5.86	2.84	6.48	3.24
3826.4176N	00146.2685W	519.2	06/19/2025	08:26:51.78	1.2	8	2.35	2.02	5.12	2.17	4.19	2.46	3.37	2.76	5.86	2.87	6.61	3.25
3826.4176N	00146.2685W	519.2	06/19/2025	08:26:52.68	1.2	8	2.32	2.01	4.97	2.17	4.04	2.46	3.32	2.75	5.85	2.86	6.73	3.23
3826.4174N	00146.2679W	519.3	06/19/2025	08:26:53.73	1.2	8	2.19	2.02	5.01	2.17	4.14	2.45	3.42	2.73	5.90	2.85	6.87	3.25
3826.4172N	00146.2667W	519.4	06/19/2025	08:26:54.78	1.2	8	2.61	2.01	5.51	2.16	4.53	2.45	3.77	2.74	6.42	2.87	7.27	3.26
3826.4172N	00146.2667W	519.4	06/19/2025	08:26:55.68	1.2	8	2.59	2.02	5.49	2.16	4.64	2.45	3.96	2.74	6.66	2.86	7.55	3.23
3826.4172N	00146.2661W	519.4	06/19/2025	08:26:56.73	1.2	8	2.59	2.02	5.51	2.16	4.66	2.45	3.91	2.75	6.69	2.87	7.60	3.24
3826.4172N	00146.2648W	519.3	06/19/2025	08:26:57.78	1.2	8	2.56	2.02	5.44	2.16	4.63	2.45	3.90	2.75	6.61	2.87	7.41	3.24
3826.4172N	00146.2648W	519.3	06/19/2025	08:26:58.68	1.2	8	2.80	2.01	5.64	2.16	4.73	2.46	3.99	2.76	6.59	2.86	7.40	3.24
3826.4172N	00146.2646W	519.3	06/19/2025	08:26:59.73	1.2	8	2.76	2.01	5.65	2.16	4.74	2.46	4.02	2.75	6.70	2.86	7.58	3.23
3826.4172N	00146.2644W	519.4	06/19/2025	08:27:00.78	1.2	8	2.34	2.02	5.18	2.17	4.33	2.45	3.67	2.73	6.33	2.82	7.14	3.18
3826.4172N	00146.2644W	519.4	06/19/2025	08:27:01.68	1.2	8	2.02	2.02	4.67	2.18	3.69	2.46	3.01	2.72	5.98	2.82	6.85	3.17
3826.4171N	00146.2646W	519.4	06/19/2025	08:27:02.73	1.2	8	3.40	2.02	5.83	2.17	4.40	2.45	3.70	2.72	6.29	2.80	6.97	3.24
3826.4165N	00146.2645W	519.8	06/19/2025	08:27:03.78	1.2	8	1.69	2.02	4.81	2.17	4.17	2.45	3.46	2.72	5.92	2.84	6.85	3.27
3826.4165N	00146.2645W	519.8	06/19/2025	08:27:04.68	1.2	8	2.14	2.02	4.82	2.18	3.93	2.46	3.28	2.71	5.88	2.80	6.56	3.24
3826.4162N	00146.2648W	519.9	06/19/2025	08:27:05.73	1.2	8	2.33	2.02	5.11	2.17	4.21	2.44	3.41	2.71	5.90	2.83	6.53	3.26
3826.4159N	00146.2658W	519.9	06/19/2025	08:27:06.78	1.3	7	2.51	2.02	5.18	2.17	4.11	2.45	3.25	2.72	5.65	2.82	6.33	3.24
3826.4159N	00146.2658W	519.9	06/19/2025	08:27:07.68	1.3	7	2.24	2.02	4.99	2.17	4.03	2.45	3.09	2.72	5.56	2.84	6.25	3.25
3826.4157N	00146.2663W	519.9	06/19/2025	08:27:08.73	1.3	7	2.25	2.02	4.99	2.17	4.07	2.45	3.27	2.72	5.82	2.82	6.45	3.24
3826.4154N	00146.2668W	520.0	06/19/2025	08:27:09.63	1.2	8	2.38	2.02	5.15	2.17	4.19	2.45	3.35	2.72	5.81	2.83	6.50	3.23
3826.4152N	00146.2674W	519.9	06/19/2025	08:27:10.68	1.3	7	3.68	2.02	5.39	2.17	4.17	2.45	3.28	2.73	5.79	2.84	6.47	3.23
3826.4152N	00146.2681W	519.9	06/19/2025	08:27:11.73	1.2	8	2.38	2.02	5.13	2.17	4.16	2.45	3.47	2.73	6.00	2.84	6.70	3.23
3826.4154N	00146.2687W	519.8	06/19/2025	08:27:12.63	1.2	8	2.35	2.02	5.13	2.17	4.22	2.45	3.47	2.73	6.05	2.84	6.76	3.22
3826.4157N	00146.2694W	519.4	06/19/2025	08:27:13.68	1.2	8	2.43	2.02	5.26	2.17	4.28	2.45	3.46	2.73	5.98	2.83	6.51	3.20
3826.4160N	00146.2700W	519.3	06/19/2025	08:27:14.73	1.2	8	2.42	2.02	5.22	2.17	4.27	2.45	3.42	2.73	5.77	2.84	6.55	3.23
3826.4163N	00146.2704W	519.2	06/19/2025	08:27:15.63	1.2	8	2.32	2.02	5.11	2.17	4.11	2.45	3.28	2.73	5.68	2.83	6.51	3.22
3826.4166N	00146.2708W	519.0	06/19/2025	08:27:16.68	1.2	8	2.14	2.02	4.84	2.17	3.84	2.45	3.07	2.72	5.55	2.82	6.25	3.19
3826.4169N	00146.2714W	519.0	06/19/2025	08:27:17.73	1.2	8	2.16	2.02	4.89	2.17	3.90	2.45	3.17	2.73	5.76	2.83	6.55	3.21
3826.4170N	00146.2721W	518.9	06/19/2025	08:27:18.63	1.2	8	2.56	2.02	5.28	2.17	4.23	2.45	3.55	2.73	6.26	2.84	7.11	3.24
3826.4170N	00146.2728W	518.8	06/19/2025	08:27:19.68	1.2	8	2.19	2.02	4.95	2.17	4.04	2.45	3.43	2.72	6.11	2.84	7.22	3.23
3826.4170N	00146.2734W	518.7	06/19/2025	08:27:20.73	1.2	8	2.48	2.02	5.46	2.17	4.56	2.45	3.91	2.73	6.74	2.84	7.66	3.20
3826.4171N	00146.2740W	518.7	06/19/2025	08:27:21.63	1.2	8	2.46	2.02	5.43	2.17	4.65	2.45	4.07	2.73	6.94	2.84	8.00	3.22
3826.4173N	00146.2746W	518.7	06/19/2025	08:27:22.68	1.2	8	2.54	2.02	5.48	2.17	4.76	2.45	4.20	2.73	7.09	2.82	8.29	3.22
3826.4176N	00146.2751W	518.7	06/19/2025	08:27:23.73	1.2	8	3.71	2.02	5.97	2.17	4.96	2.45	4.43	2.73	7.30	2.85	8.51	3.24
3826.4179N	00146.2758W	518.5	06/19/2025	08:27:24.63	1.2	8	2.55	2.02	5.51	2.17	4.82	2.45	4.30	2.73	7.22	2.85	8.58	3.21
3826.4182N	00146.2765W	518.5	06/19/2025	08:27:25.68	1.2	8	2.66	2.02	5.62	2.16	4.96	2.45	4.45	2.73	7.54	2.85	8.94	3.23
3826.4186N	00146.2771W	518.4	06/19/2025	08:27:26.73	1.2	8	2.56	2.02	5.56	2.17	4.96	2.45	4.48	2.73	7.59	2.84	9.17	3.21
3826.4189N	00146.2776W	518.3	06/19/2025	08:27:27.63	1.2	8	2.60	2.02	5.61	2.17	4.94	2.45	4.50	2.73	7.59	2.83	9.21	3.20
3826.4192N	00146.2782W	518.2	06/19/2025	08:27:28.68	1.2	8	2.47	2.02	5.37	2.17	4.71	2.45	4.21	2.73	7.24	2.83	8.67	3.20
3826.4195N	00146.2788W	518.2	06/19/2025	08:27:29.73	1.2	8	2.46	2.02	5.44	2.17	4.77	2.45	4.28	2.72	7.34	2.84	8.90	3.23
3826.4198N	00146.2793W	518.2	06/19/2025	08:27:30.63	1.2	8	2.25	2.02	5.04	2.17	4.31	2.46	3.90	2.72	6.93	2.83	8.47	3.21
3826.4200N	00146.2796W	518.2	06/19/2025	08:27:31.68	1.2	8	2.04	2.02	4.67	2.18	3.75	2.46	3.16	2.72	6.02	2.83	7.46	3.18
3826.4201N	00146.2799W	518.2	06/19/2025	08:27:32.73	1.2	8	2.48	2.02	5.35	2.17	4.70	2.45	4.20	2.72	6.85	2.82	8.18	3.21
3826.4201N	00146.2803W	518.2	06/19/2025	08:27:33.63	1.2	8	2.45	2.02	5.39	2.17	4.65	2.45	4.02	2.72	6.89	2.84	8.30	3.23
3826.4202N	00146.2807W	518.2	06/19/2025	08:27:34.68	1.2	8	2.70	2.02	5.69	2.16	4.99	2.45	4.43	2.73	7.31	2.85	8.49	3.23
3826.4204N	00146.2813W	518.2	06/19/2025	08:27:35.73	1.2	8	2.48	2.02	5.43	2.17	4.73	2.45	4.32	2.72	7.29	2.83	8.67	3.19
3826.4208N	00146.2818W	518.1	06/19/2025	08:27:36.63	1.2	8	2.63	2.02	5.68	2.17	5.05	2.45	4.53	2.73	7.43	2.82	8.80	3.20
3826.4211N	00146.2823W	518.1	06/19/2025	08:27:37.68	1.2	8	2.74	2.01	5.77	2.16	5.20	2.45	4.83	2.73	7.91	2.81	9.09	3.17
3826.4214N	00146.2825W	518.0	06/19/2025	08:27:38.73	1.2	8	2.73	2.01	5.76	2.16	5.15	2.45	4.72	2.73	7.71	2.82	8.85	3.19
3826.4216N	00146.2825W	518.0	06/19/2025	08:27:39.63	1.2	8	2.59	2.02	5.58	2.17	4.99	2.45	4.54	2.73	7.57	2.84	8.76	3.24
3826.4215N	00146.2824W	518.0	06/19/2025	08:27:40.68	1.2	8	2.51	2.02	5.52	2.17	4.92	2.45	4.51	2.73	7.44	2.83	8.85	3.21
3826.4210N	00146.2823W	518.0	06/19/2025	08:27:41.73	1.2	8	2.42	2.02	5.36	2.17	4.77	2.45	4.25	2.72	7.28	2.82	8.56	3.24
3826.4206N	00146.2823W	518.2	06/19/2025	08:27:42.62	1.2	8	2.65	2.02	5.63	2.16	4.83	2.44	4.12	2.73	6.98	2.84	8.25	3.25
3826.4200N	00146.2822W	518.1	06/19/2025	08:27:43.68	1.2	8	2.56	2.02	5.49	2.16	4.66	2.44	3.87	2.73	6.59	2.84	7.66	3.27
3826.4195N	00146.2822W	518.2	06/19/2025	08:27:44.72	1.2	8	2.52	2.02	5.41	2.17	4.58	2.45	3.87	2.73	6.40	2.83	7.14	3.27
3826.4191N	00146.2822W	518.3	06/19/2025	08:27:45.63	1.2	8	2.48	2.02	5.30	2.17	4.37	2.45	3.53	2.73	6.18	2.85	7.15	3.25
3826.4188N	00146.2820W	518.5	06/19/2025	08:27:46.68	1.2	8	2.61	2.01	5.48	2.16	4.70	2.45	4.08	2.74	6.88	2.86	7.42	3.24
3826.4185N	00146.2818W	518.8	06/19/2025	08:27:47.72	1.2	8	2.94	2.01	5.67	2.16	4.73	2.46	3.98	2.77	6.62	2.89	7.51	3.28
3826.4182N	00146.2815W	519.2	06/19/2025	08:27:48.63	1.2	8	2.96	2.01	5.68	2.16	4.63	2.45	3.73	2.75	6.47	2.86	7.50	3.26
3826.4180N	00146.2810W	519.4	06/19/2025	08:27:49.67	1.2	8	2.50	2.01	5.35	2.16	4.53	2.45	3.80	2.74	6.47	2.87	7.51	3.26
3826.4178N	00146.2804W	519.5	06/19/2025	08:27:50.72	1.2	8	2.21	2.02	4.92	2.17	4.15	2.45	3.43	2.72	6.09	2.85	7.21	3.23
3826.4174N	00146.2799W	519.7	06/19/2025	08:27:51.63	1.2	8	2.38	2.02	5.18	2.17	4.30	2.45	3.48	2.73	6.08	2.83	7.24	3.22
3826.4171N	00146.2795W	519.9	06/19/2025	08:27:52.67	1.2	8	2.38	2.02	5.20	2.16	4.35	2.45	3.62	2.74	6.31	2.85	7.41	3.25
3826.4168N	00146.2792W	520.2	06/19/2025	08:27:53.72	1.2	8	2.41	2.02	5.27	2.16	4.34	2.45	3.57	2.73	6.17	2.85	7.35	3.26
3826.4164N	00146.2789W	520.5	06/19/2025	08:27:54.62	1.2	8	2.46	2.01	5.30	2.16	4.41	2.45	3.59	2.74	6.27	2.86	7.41	3.25
3826.4162N	00146.2784W	520.7	06/19/2025	08:27:55.68	1.2	8	2.46	2.02	5.31	2.16	4.43	2.45	3.70	2.74	6.38	2.84	7.64	3.23
3826.4159N	00146.2779W	520.8	06/19/2025	08:27:56.73	1.2	8	2.69	2.01	5.52	2.16	4.63	2.46	3.87	2.75	6.72	2.87	7.93	3.26
3826.4157N	00146.2773W	520.9	06/19/2025	08:27:57.62	1.2	8	2.48	2.02	5.35	2.16	4.45	2.45	3.69	2.73	6.51	2.85	7.78	3.22
3826.4155N	00146.2766W	521.1	06/19/2025	08:27:58.67	1.2	8	2.41	2.02	5.23	2.17	4.44	2.45	3.72	2.73	6.36	2.85	7.37	3.24
3826.4153N	00146.2760W	521.3	06/19/2025	08:27:59.73	1.2	8	2.46	2.01	5.32	2.16	4.48	2.46	3.75	2.75	6.42	2.85	7.23	3.23
3826.4152N	00146.2756W	521.4	06/19/2025	08:28:00.62	1.2	8	2.67	2.01	5.46	2.16	4.64	2.46	3.87	2.75	6.48	2.86	7.14	3.24
3826.4153N	00146.2753W	521.4	06/19/2025	08:28:01.67	1.2	8	2.99	2.01	6.02	2.17	5.39	2.47	4.83	2.75	7.56	2.85	8.13	3.22
3826.4155N	00146.2748W	521.3	06/19/2025	08:28:02.72	1.2	8	3.08	2.01	6.23	2.16	5.75	2.46	5.32	2.74	8.36	2.85	9.10	3.22
3826.4157N	00146.2745W	521.2	06/19/2025	08:28:03.62	1.2	8	2.59	2.02	5.62	2.17	5.05	2.45	4.54	2.72	7.60	2.81	8.40	3.19
3826.4159N	00146.2745W	521.2	06/19/2025	08:28:04.67	1.2	8	2.74	2.02	5.81	2.17	5.20	2.45	4.54	2.72	7.37	2.82	8.38	3.20
3826.4162N	00146.2749W	521.2	06/19/2025	08:28:05.72	1.2	8	2.64	2.02	5.68	2.17	5.08	2.46	4.54	2.74	7.51	2.84	8.55	3.19
3826.4167N	00146.2752W	521.2	06/19/2025	08:28:06.62	1.2	8	2.65	2.02	5.64	2.17	5.00	2.46	4.37	2.73	7.31	2.83	8.47	3.21
3826.4172N	00146.2755W	521.3	06/19/2025	08:28:07.67	1.2	8	2.67	2.02	5.63	2.17	4.94	2.46	4.26	2.74	7.15	2.85	8.18	3.22
3826.4177N	00146.2757W	521.3	06/19/2025	08:28:08.72	1.2	8	2.57	2.02	5.55	2.17	4.81	2.46	4.04	2.73	6.85	2.84	7.98	3.24
3826.4181N	00146.2761W	521.4	06/19/2025	08:28:09.62	1.2	8	2.44	2.02	5.36	2.17	4.59	2.45	3.85	2.73	6.79	2.84	7.89	3.21
3826.4185N	00146.2766W	521.4	06/19/2025	08:28:10.67	1.2	8	2.48	2.02	5.43	2.16	4.70	2.45	4.06	2.73	6.93	2.85	8.00	3.24
3826.4190N	00146.2771W	521.2	06/19/2025	08:28:11.72	1.2	8	2.66	2.01	5.67	2.16	5.03	2.45	4.38	2.73	7.24	2.84	8.08	3.22
3826.4195N	00146.2773W	521.0	06/19/2025	08:28:12.62	1.2	8	2.62	2.02	5.66	2.17	5.04	2.46	4.39	2.73	7.17	2.83	7.80	3.19
3826.4201N	00146.2774W	520.9	06/19/2025	08:28:13.67	1.2	8	2.67	2.02	5.72	2.17	5.10	2.46	4.52	2.73	7.31	2.83	8.01	3.19
3826.4207N	00146.2774W	520.7	06/19/2025	08:28:14.72	1.2	8	3.02	2.01	5.96	2.15	5.25	2.47	4.52	2.76	7.31	2.88	8.54	3.26
3826.4213N	00146.2772W	520.5	06/19/2025	08:28:15.62	1.2	8	2.96	2.01	5.94	2.15	5.19	2.46	4.57	2.76	7.46	2.86	8.62	3.24
3826.4218N	00146.2768W	520.3	06/19/2025	08:28:16.67	1.2	8	2.76	2.02	5.80	2.16	5.15	2.46	4.40	2.75	6.91	2.83	7.89	3.17
3826.4222N	00146.2765W	520.2	06/19/2025	08:28:17.72	1.2	8	2.94	2.01	5.95	2.16	5.30	2.47	4.53	2.77	7.08	2.86	8.10	3.19
3826.4226N	00146.2763W	520.1	06/19/2025	08:28:18.62	1.2	8	2.95	2.01	6.08	2.17	5.53	2.47	4.91	2.77	7.50	2.87	8.74	3.20
3826.4231N	00146.2760W	520.0	06/19/2025	08:28:19.67	1.2	8	2.79	2.01	5.87	2.16	5.26	2.46	4.62	2.74	7.54	2.85	8.86	3.20
3826.4236N	00146.2759W	520.0	06/19/2025	08:28:20.57	1.2	8	2.59	2.02	5.63	2.17	4.98	2.45	4.43	2.72	7.56	2.82	8.88	3.20
3826.4242N	00146.2763W	519.7	06/19/2025	08:28:21.62	1.2	8	2.59	2.02	5.68	2.17	5.18	2.45	4.73	2.72	7.94	2.82	9.43	3.20
3826.4247N	00146.2766W	519.5	06/19/2025	08:28:22.67	1.2	8	2.69	2.02	5.80	2.17	5.33	2.45	4.79	2.72	8.04	2.82	9.48	3.19
3826.4251N	00146.2770W	519.4	06/19/2025	08:28:23.57	1.2	8	2.56	2.02	5.61	2.17	5.23	2.45	4.87	2.72	8.23	2.83	9.97	3.20
3826.4256N	00146.2773W	519.1	06/19/2025	08:28:24.62	1.2	8	3.00	2.02	6.37	2.16	6.17	2.45	5.92	2.73	9.41	2.83	11.04	3.21
3826.4261N	00146.2772W	518.9	06/19/2025	08:28:25.67	1.2	8	3.23	2.02	6.69	2.16	6.58	2.45	6.43	2.74	9.99	2.86	11.88	3.22
3826.4265N	00146.2769W	518.8	06/19/2025	08:28:26.57	1.2	8	3.72	2.01	7.09	2.16	6.81	2.47	6.59	2.76	10.28	2.87	12.19	3.23
3826.4267N	00146.2765W	518.7	06/19/2025	08:28:27.62	1.2	8	5.32	2.01	8.17	2.17	7.71	2.48	7.63	2.77	11.38	2.87	13.49	3.23
3826.4270N	00146.2760W	518.6	06/19/2025	08:28:28.67	1.2	8	3.33	2.02	6.85	2.17	6.95	2.45	7.06	2.72	10.90	2.83	13.10	3.19
3826.4272N	00146.2755W	518.5	06/19/2025	08:28:29.57	1.2	8	3.47	2.02	7.13	2.17	7.28	2.45	7.38	2.73	11.23	2.82	12.84	3.20
3826.4273N	00146.2748W	518.4	06/19/2025	08:28:30.62	1.2	8	3.45	2.02	6.65	2.16	6.73	2.45	6.77	2.73	10.23	2.85	11.78	3.22
3826.4272N	00146.2740W	518.3	06/19/2025	08:28:31.67	1.2	8	3.17	2.02	6.65	2.16	6.67	2.45	6.70	2.73	10.41	2.86	12.70	3.24
3826.4269N	00146.2735W	518.2	06/19/2025	08:28:32.57	1.2	8	3.91	2.01	7.63	2.16	7.76	2.44	7.90	2.73	11.57	2.85	13.27	3.25
3826.4264N	00146.2731W	518.3	06/19/2025	08:28:33.62	1.2	8	3.62	2.02	7.40	2.16	7.50	2.44	7.61	2.72	11.16	2.83	12.71	3.21
3826.4257N	00146.2726W	518.2	06/19/2025	08:28:34.67	1.2	8	3.92	2.01	7.73	2.16	7.90	2.45	8.15	2.74	12.12	2.87	14.24	3.25
3826.4251N	00146.2723W	518.1	06/19/2025	08:28:35.57	1.2	8	3.83	2.01	7.46	2.16	7.49	2.45	7.56	2.75	11.39	2.89	13.24	3.27
3826.4244N	00146.2720W	518.0	06/19/2025	08:28:36.62	1.2	8	3.78	2.01	7.47	2.16	7.43	2.45	7.50	2.75	11.25	2.88	13.39	3.26
3826.4239N	00146.2714W	517.9	06/19/2025	08:28:37.67	1.2	8	3.77	2.01	7.48	2.15	7.50	2.45	7.63	2.74	11.44	2.87	13.62	3.24
3826.4234N	00146.2710W	517.9	06/19/2025	08:28:38.57	1.2	8	3.38	2.01	7.00	2.16	7.03	2.44	7.03	2.73	10.73	2.84	12.44	3.22
3826.4229N	00146.2706W	517.8	06/19/2025	08:28:39.62	1.2	8	3.59	2.02	6.95	2.17	6.66	2.45	6.61	2.72	10.15	2.83	11.56	3.23
3826.4225N	00146.2702W	517.7	06/19/2025	08:28:40.67	1.2	8	2.62	2.02	5.63	2.17	5.47	2.45	5.10	2.72	8.33	2.84	9.83	3.17
3826.4221N	00146.2698W	517.7	06/19/2025	08:28:41.57	1.2	8	2.50	2.02	5.51	2.17	5.46	2.45	5.24	2.71	8.53	2.82	10.11	3.19
3826.4220N	00146.2698W	517.6	06/19/2025	08:28:42.62	1.2	8	2.52	2.02	5.58	2.17	5.20	2.46	5.03	2.72	8.65	2.82	10.39	3.20
3826.4220N	00146.2696W	517.5	06/19/2025	08:28:43.67	1.2	8	2.95	2.02	6.25	2.17	5.97	2.45	5.69	2.72	8.98	2.82	10.44	3.21
3826.4217N	00146.2692W	517.5	06/19/2025	08:28:44.57	1.2	8	3.52	2.02	6.24	2.17	5.66	2.45	5.22	2.72	8.35	2.82	9.71	3.24
3826.4211N	00146.2689W	517.5	06/19/2025	08:28:45.62	1.2	8	2.62	2.02	5.71	2.17	5.15	2.45	4.59	2.72	7.74	2.83	8.98	3.24
3826.4206N	00146.2689W	517.7	06/19/2025	08:28:46.67	1.2	8	2.70	2.02	5.77	2.16	5.11	2.45	4.52	2.73	7.34	2.84	8.45	3.24
3826.4202N	00146.2692W	517.8	06/19/2025	08:28:47.57	1.2	8	2.84	2.01	5.79	2.16	5.04	2.45	4.28	2.75	6.97	2.87	7.88	3.28
3826.4198N	00146.2695W	518.0	06/19/2025	08:28:48.62	1.2	8	2.75	2.02	5.62	2.16	4.69	2.45	3.85	2.73	6.40	2.84	7.35	3.25
3826.4194N	00146.2698W	518.2	06/19/2025	08:28:49.67	1.2	8	2.63	2.02	5.51	2.16	4.58	2.45	3.69	2.73	6.33	2.86	7.07	3.28
3826.4190N	00146.2703W	518.2	06/19/2025	08:28:50.57	1.2	8	2.42	2.02	5.28	2.16	4.30	2.45	3.46	2.73	5.91	2.86	6.52	3.27
3826.4186N	00146.2708W	518.3	06/19/2025	08:28:51.62	1.2	8	2.44	2.02	5.26	2.16	4.27	2.45	3.40	2.74	6.01	2.86	6.69	3.25
3826.4183N	00146.2715W	518.3	06/19/2025	08:28:52.67	1.2	8	2.66	2.01	5.53	2.16	4.51	2.45	3.67	2.74	6.17	2.86	6.82	3.25
3826.4184N	00146.2719W	518.4	06/19/2025	08:28:53.57	1.2	8	2.68	2.01	5.60	2.16	4.77	2.45	3.96	2.74	6.50	2.85	6.99	3.25
3826.4188N	00146.2720W	518.3	06/19/2025	08:28:54.62	1.2	8	2.81	2.01	5.67	2.15	4.76	2.45	3.89	2.75	6.47	2.87	7.21	3.26
3826.4192N	00146.2721W	518.2	06/19/2025	08:28:55.67	1.2	8	2.32	2.02	5.15	2.17	4.28	2.45	3.53	2.72	6.18	2.84	7.14	3.24
3826.4197N	00146.2724W	518.1	06/19/2025	08:28:56.57	1.2	8	2.45	2.01	5.30	2.16	4.45	2.45	3.58	2.74	6.07	2.85	6.81	3.23
3826.4202N	00146.2728W	518.1	06/19/2025	08:28:57.62	1.2	8	2.50	2.01	5.37	2.16	4.46	2.45	3.58	2.74	6.21	2.85	7.17	3.24
3826.4207N	00146.2730W	518.1	06/19/2025	08:28:58.67	1.2	8	2.94	2.01	5.79	2.16	4.97	2.46	4.25	2.75	6.95	2.85	7.90	3.22
3826.4213N	00146.2730W	518.0	06/19/2025	08:28:59.57	1.2	8	2.69	2.01	5.72	2.16	5.01	2.45	4.52	2.74	7.28	2.85	8.32	3.22
3826.4217N	00146.2728W	518.0	06/19/2025	08:29:00.61	1.2	8	2.57	2.02	5.63	2.17	5.07	2.45	4.63	2.73	7.65	2.82	8.90	3.18
3826.4221N	00146.2726W	517.9	06/19/2025	08:29:01.66	1.2	8	2.92	2.02	6.18	2.16	5.87	2.45	5.64	2.72	9.11	2.82	10.62	3.19
3826.4226N	00146.2726W	517.8	06/19/2025	08:29:02.57	1.2	8	3.19	2.01	6.66	2.16	6.49	2.45	6.46	2.72	9.98	2.83	11.67	3.17
3826.4232N	00146.2724W	517.8	06/19/2025	08:29:03.61	1.2	8	3.34	2.01	6.89	2.16	6.75	2.45	6.70	2.73	10.38	2.84	12.23	3.22
3826.4239N	00146.2723W	517.8	06/19/2025	08:29:04.66	1.2	8	4.01	2.00	7.59	2.15	7.60	2.46	7.52	2.75	11.01	2.86	12.53	3.24
3826.4245N	00146.2723W	517.7	06/19/2025	08:29:05.56	1.2	8	3.93	2.01	7.71	2.15	7.76	2.45	7.79	2.74	11.30	2.85	12.60	3.22
3826.4250N	00146.2720W	517.6	06/19/2025	08:29:06.61	1.2	8	3.66	2.01	7.43	2.16	7.48	2.45	7.46	2.73	11.07	2.83	12.71	3.18
3826.4253N	00146.2714W	517.5	06/19/2025	08:29:07.67	1.2	8	3.69	2.01	7.42	2.16	7.45	2.45	7.54	2.74	11.26	2.85	12.95	3.22
3826.4254N	00146.2706W	517.5	06/19/2025	08:29:08.56	1.2	8	3.41	2.01	6.93	2.16	6.74	2.45	6.65	2.74	10.19	2.88	11.82	3.28
3826.4252N	00146.2698W	517.5	06/19/2025	08:29:09.61	1.2	8	3.16	2.01	6.50	2.16	6.17	2.46	5.93	2.76	9.41	2.92	11.31	3.31
3826.4250N	00146.2690W	517.4	06/19/2025	08:29:10.67	1.2	8	3.38	2.01	6.77	2.15	6.44	2.46	6.25	2.77	9.66	2.92	11.24	3.33
3826.4249N	00146.2682W	517.5	06/19/2025	08:29:11.56	1.2	8	3.47	2.00	6.70	2.14	6.20	2.46	5.80	2.78	8.87	2.92	10.30	3.30