Latitude	Longitude	Altitude	Date	Time	DOP	Satelites	Cond.1 [mS/m]	Inph.1 [ppt]	Cond.2 [mS/m]	Inph.2 [ppt]	Cond.3 [mS/m]	Inph.3 [ppt]	Cond.4 [mS/m]	Inph.4 [ppt]	Cond.5 [mS/m]	Inph.5 [ppt]	Cond.6 [mS/m]	Inph.6 [ppt]	Note
3825.7104N	00146.1724W	561.5	06/19/2025	08:56:18.97	2.5	4	3.55	2.18	6.46	2.59	6.84	2.92	7.36	3.25	10.83	3.36	12.10	3.62
3825.7105N	00146.1723W	561.6	06/19/2025	08:56:19.87	2.5	4	4.14	2.11	7.21	2.41	6.95	2.72	7.00	3.10	10.46	3.29	11.79	3.61
3825.7104N	00146.1724W	561.6	06/19/2025	08:56:20.92	2.5	4	3.10	2.10	7.44	2.24	6.71	2.40	6.18	2.73	9.35	3.05	10.72	3.55
3825.7105N	00146.1724W	561.7	06/19/2025	08:56:21.97	2.5	4	3.09	2.10	7.44	2.26	6.72	2.42	6.08	2.75	9.13	3.03	10.63	3.51
3825.7104N	00146.1725W	561.8	06/19/2025	08:56:22.87	2.5	4	3.23	2.10	7.47	2.26	6.72	2.42	6.23	2.75	9.24	3.01	10.55	3.50
3825.7102N	00146.1724W	561.8	06/19/2025	08:56:23.92	2.5	4	2.52	2.11	6.48	2.30	5.73	2.45	5.32	2.69	8.12	2.87	9.60	3.36
3825.7103N	00146.1723W	561.9	06/19/2025	08:56:24.97	2.5	4	2.22	2.11	6.03	2.31	5.44	2.45	4.99	2.69	7.39	2.84	8.70	3.29
3825.7104N	00146.1723W	561.9	06/19/2025	08:56:25.87	2.5	4	2.28	2.11	6.19	2.30	5.67	2.45	5.25	2.69	8.29	2.87	9.63	3.39
3825.7107N	00146.1723W	562.0	06/19/2025	08:56:26.92	2.5	4	2.30	2.11	6.24	2.30	5.56	2.45	5.20	2.70	8.33	2.90	9.87	3.45
3825.7106N	00146.1727W	562.1	06/19/2025	08:56:27.97	2.5	4	2.68	2.10	6.81	2.28	6.11	2.42	5.72	2.70	8.63	2.95	9.85	3.50
3825.7109N	00146.1730W	562.1	06/19/2025	08:56:28.87	2.5	4	3.28	2.09	7.55	2.25	6.72	2.41	6.04	2.73	8.69	3.02	9.55	3.53
3825.7111N	00146.1733W	562.2	06/19/2025	08:56:29.92	2.5	4	3.57	2.09	7.81	2.24	6.80	2.41	5.92	2.76	8.65	3.06	9.49	3.59
3825.7115N	00146.1735W	562.2	06/19/2025	08:56:30.97	2.5	4	3.09	2.10	7.29	2.26	6.35	2.41	5.57	2.72	8.15	3.01	9.05	3.57
3825.7119N	00146.1738W	562.3	06/19/2025	08:56:31.87	2.5	4	2.67	2.10	6.73	2.28	5.86	2.42	5.12	2.70	7.71	2.97	8.56	3.52
3825.7124N	00146.1738W	562.2	06/19/2025	08:56:32.92	2.5	4	2.90	2.09	6.92	2.26	5.83	2.42	4.89	2.74	7.54	3.00	8.24	3.52
3825.7130N	00146.1737W	562.3	06/19/2025	08:56:33.97	2.5	4	2.50	2.10	6.42	2.28	5.39	2.43	4.53	2.72	7.06	2.96	7.73	3.48
3825.7137N	00146.1736W	562.3	06/19/2025	08:56:34.87	2.5	4	2.28	2.11	6.14	2.29	5.11	2.44	4.25	2.72	6.74	2.95	7.47	3.44
3825.7145N	00146.1734W	562.3	06/19/2025	08:56:35.92	2.5	4	2.36	2.10	6.20	2.28	5.09	2.44	4.16	2.74	6.60	2.97	7.41	3.45
3825.7150N	00146.1734W	562.3	06/19/2025	08:56:36.97	2.5	4	1.93	2.11	5.62	2.30	4.47	2.46	3.72	2.72	6.20	2.92	6.96	3.41
3825.7153N	00146.1736W	562.4	06/19/2025	08:56:37.87	2.5	4	2.17	2.10	5.91	2.29	4.67	2.45	3.70	2.75	6.09	2.97	6.71	3.40
3825.7157N	00146.1739W	562.4	06/19/2025	08:56:38.92	2.5	4	2.43	2.10	6.04	2.28	4.51	2.47	3.55	2.79	5.88	2.97	6.26	3.39
3825.7162N	00146.1740W	562.5	06/19/2025	08:56:39.97	2.5	4	2.24	2.10	5.87	2.29	4.47	2.47	3.49	2.77	5.75	2.96	6.19	3.38
3825.7166N	00146.1742W	562.6	06/19/2025	08:56:40.87	2.5	4	1.89	2.11	5.43	2.31	4.20	2.47	3.18	2.74	5.39	2.91	5.88	3.33
3825.7168N	00146.1742W	562.6	06/19/2025	08:56:41.92	2.5	4	2.07	2.10	5.65	2.29	4.29	2.46	3.32	2.75	5.58	2.93	5.93	3.34
3825.7169N	00146.1743W	562.7	06/19/2025	08:56:42.97	2.5	4	2.16	2.10	5.70	2.29	4.36	2.47	3.36	2.76	5.65	2.95	5.92	3.37
3825.7168N	00146.1742W	562.7	06/19/2025	08:56:43.87	2.5	4	1.75	2.11	5.26	2.31	4.11	2.46	3.13	2.73	5.47	2.91	5.80	3.31
3825.7170N	00146.1741W	562.8	06/19/2025	08:56:44.92	2.5	4	1.74	2.11	5.20	2.31	4.20	2.46	3.60	2.74	5.28	2.91	5.56	3.31
3825.7171N	00146.1742W	562.8	06/19/2025	08:56:45.97	2.5	4	1.94	2.11	5.49	2.30	4.15	2.47	3.03	2.77	5.28	2.95	5.81	3.36
3825.7174N	00146.1742W	562.8	06/19/2025	08:56:46.87	2.5	4	2.11	2.10	5.62	2.28	4.21	2.46	3.04	2.77	5.40	2.97	5.81	3.37
3825.7178N	00146.1744W	562.8	06/19/2025	08:56:47.92	2.5	4	2.11	2.10	5.58	2.29	4.03	2.48	2.87	2.78	5.14	2.96	5.72	3.36
3825.7182N	00146.1748W	562.7	06/19/2025	08:56:48.97	2.5	4	2.02	2.10	5.59	2.29	3.98	2.47	2.92	2.77	5.30	2.94	5.78	3.37
3825.7189N	00146.1750W	562.6	06/19/2025	08:56:49.87	2.5	4	1.97	2.10	5.47	2.29	3.98	2.46	2.82	2.77	5.06	2.97	5.49	3.41
3825.7193N	00146.1754W	562.6	06/19/2025	08:56:50.92	2.5	4	1.76	2.11	5.26	2.30	3.81	2.46	2.62	2.74	4.63	2.93	4.93	3.44
3825.7196N	00146.1760W	562.5	06/19/2025	08:56:51.97	2.5	4	1.76	2.11	5.28	2.30	3.69	2.46	2.41	2.75	4.55	2.94	4.90	3.37
3825.7199N	00146.1767W	562.5	06/19/2025	08:56:52.87	2.5	4	1.93	2.11	5.22	2.30	3.57	2.48	2.42	2.77	4.48	2.94	4.78	3.33
3825.7200N	00146.1774W	562.4	06/19/2025	08:56:53.92	2.5	4	1.62	2.11	5.02	2.31	3.44	2.49	2.27	2.78	4.29	2.93	4.63	3.32
3825.7205N	00146.1778W	562.3	06/19/2025	08:56:54.82	2.5	4	1.63	2.11	5.03	2.31	3.35	2.49	2.17	2.77	4.11	2.91	4.46	3.29
3825.7207N	00146.1784W	562.2	06/19/2025	08:56:55.87	2.5	4	1.51	2.11	4.88	2.31	3.35	2.49	2.11	2.77	4.20	2.92	4.49	3.31
3825.7211N	00146.1790W	562.1	06/19/2025	08:56:56.92	2.5	4	1.53	2.11	4.90	2.31	3.30	2.48	2.15	2.76	4.33	2.93	4.64	3.31
3825.7215N	00146.1796W	562.1	06/19/2025	08:56:57.82	2.5	4	1.69	2.11	5.12	2.30	3.50	2.48	2.33	2.76	4.35	2.93	4.64	3.32
3825.7219N	00146.1803W	562.0	06/19/2025	08:56:58.86	2.5	4	1.86	2.11	5.29	2.31	3.53	2.48	2.36	2.76	4.49	2.93	4.77	3.33
3825.7224N	00146.1809W	561.9	06/19/2025	08:56:59.92	2.5	4	1.91	2.10	5.37	2.29	3.75	2.47	2.60	2.78	4.68	2.96	4.96	3.34
3825.7230N	00146.1814W	561.9	06/19/2025	08:57:00.81	2.5	4	1.87	2.11	5.34	2.30	3.76	2.47	2.63	2.76	4.72	2.95	5.15	3.36
3825.7234N	00146.1818W	561.8	06/19/2025	08:57:01.87	2.5	4	2.31	2.10	5.67	2.29	3.87	2.47	2.66	2.77	4.84	2.95	5.02	3.35
3825.7240N	00146.1821W	561.6	06/19/2025	08:57:02.91	2.5	4	1.85	2.11	5.41	2.30	3.84	2.47	2.69	2.77	4.84	2.95	5.03	3.35
3825.7246N	00146.1824W	561.4	06/19/2025	08:57:03.82	2.5	4	1.99	2.10	5.50	2.29	3.88	2.47	2.75	2.77	4.86	2.95	4.99	3.35
3825.7250N	00146.1824W	561.3	06/19/2025	08:57:04.86	2.5	4	1.87	2.11	5.39	2.29	3.81	2.47	2.64	2.77	4.73	2.96	4.91	3.37
3825.7256N	00146.1824W	561.3	06/19/2025	08:57:05.92	2.5	4	2.16	2.11	5.55	2.29	3.79	2.47	2.56	2.77	4.62	2.95	4.84	3.32
3825.7261N	00146.1823W	561.3	06/19/2025	08:57:06.81	2.5	4	1.82	2.11	5.31	2.30	3.67	2.47	2.44	2.77	4.52	2.93	4.75	3.30
3825.7264N	00146.1818W	561.3	06/19/2025	08:57:07.86	2.5	4	1.73	2.11	5.20	2.30	3.67	2.48	2.49	2.77	4.53	2.94	4.90	3.32
3825.7268N	00146.1810W	561.3	06/19/2025	08:57:08.91	2.5	4	1.72	2.11	5.16	2.30	3.60	2.48	2.50	2.77	4.67	2.92	4.92	3.29
3825.7270N	00146.1800W	561.3	06/19/2025	08:57:09.81	2.5	4	2.22	2.11	5.60	2.30	3.70	2.48	2.51	2.78	4.54	2.95	4.81	3.33
3825.7270N	00146.1793W	561.2	06/19/2025	08:57:10.87	2.5	4	1.81	2.11	5.19	2.30	3.67	2.48	2.41	2.78	4.47	2.96	4.74	3.34
3825.7270N	00146.1786W	561.2	06/19/2025	08:57:11.91	2.5	4	1.72	2.11	5.14	2.30	3.56	2.48	2.43	2.77	4.58	2.92	4.74	3.30
3825.7267N	00146.1780W	561.1	06/19/2025	08:57:12.81	2.5	4	1.65	2.11	5.07	2.30	3.57	2.48	2.47	2.76	4.49	2.94	4.54	3.33
3825.7262N	00146.1777W	561.1	06/19/2025	08:57:13.86	2.5	4	1.73	2.11	5.01	2.30	3.67	2.48	2.56	2.77	4.60	2.93	4.81	3.31
3825.7256N	00146.1773W	561.0	06/19/2025	08:57:14.91	2.5	4	1.59	2.11	5.01	2.31	3.52	2.48	2.41	2.75	4.55	2.90	4.83	3.27
3825.7252N	00146.1770W	560.9	06/19/2025	08:57:15.81	2.5	4	1.67	2.11	5.15	2.30	3.62	2.47	2.51	2.76	4.70	2.91	4.89	3.30
3825.7246N	00146.1767W	560.8	06/19/2025	08:57:16.86	2.5	4	1.61	2.11	5.07	2.31	3.50	2.48	2.42	2.76	4.67	2.90	4.90	3.28
3825.7240N	00146.1764W	560.7	06/19/2025	08:57:17.91	2.5	4	1.83	2.11	5.28	2.30	3.67	2.48	2.52	2.77	4.72	2.94	4.88	3.31
3825.7235N	00146.1761W	560.6	06/19/2025	08:57:18.81	2.5	4	1.82	2.11	5.26	2.30	3.60	2.48	2.36	2.78	4.57	2.94	4.85	3.33
3825.7230N	00146.1758W	560.5	06/19/2025	08:57:19.87	2.5	4	1.57	2.11	5.01	2.31	3.37	2.48	2.21	2.77	4.32	2.91	4.45	3.28
3825.7224N	00146.1753W	560.5	06/19/2025	08:57:20.91	2.5	4	1.79	2.11	5.21	2.31	3.35	2.48	2.16	2.78	4.22	2.94	4.52	3.31
3825.7218N	00146.1747W	560.4	06/19/2025	08:57:21.81	2.5	4	1.63	2.11	5.04	2.30	3.38	2.49	2.20	2.78	4.37	2.93	4.82	3.30
3825.7212N	00146.1745W	560.3	06/19/2025	08:57:22.86	2.5	4	1.61	2.11	5.01	2.31	3.38	2.48	2.31	2.77	4.47	2.93	4.91	3.35
3825.7208N	00146.1742W	560.3	06/19/2025	08:57:23.91	2.5	4	1.68	2.11	5.14	2.30	3.59	2.46	2.47	2.75	4.58	2.94	4.86	3.40
3825.7203N	00146.1740W	560.2	06/19/2025	08:57:24.82	2.5	4	2.20	2.11	5.58	2.29	3.83	2.46	2.70	2.74	4.81	2.93	5.15	3.37
3825.7200N	00146.1735W	560.1	06/19/2025	08:57:25.87	2.5	4	1.83	2.11	5.33	2.30	3.80	2.47	2.81	2.75	5.03	2.91	5.58	3.31
3825.7196N	00146.1730W	560.0	06/19/2025	08:57:26.91	2.5	4	1.84	2.11	5.37	2.30	3.90	2.47	2.87	2.75	4.92	2.91	5.45	3.36
3825.7192N	00146.1728W	559.8	06/19/2025	08:57:27.81	2.5	4	1.41	2.11	4.79	2.32	3.24	2.50	2.30	2.76	4.48	2.86	4.76	3.21
3825.7188N	00146.1725W	559.7	06/19/2025	08:57:28.86	2.5	4	1.66	2.11	5.17	2.31	3.82	2.47	2.83	2.74	5.16	2.90	5.63	3.34
3825.7183N	00146.1723W	559.6	06/19/2025	08:57:29.91	2.5	4	1.87	2.11	5.48	2.30	4.09	2.46	3.02	2.75	5.34	2.93	5.76	3.36
3825.7178N	00146.1722W	559.5	06/19/2025	08:57:30.81	2.5	4	1.95	2.11	5.44	2.29	4.17	2.46	3.26	2.74	5.57	2.93	5.96	3.38
3825.7172N	00146.1722W	559.4	06/19/2025	08:57:31.86	2.5	4	1.90	2.11	5.61	2.30	4.21	2.46	3.26	2.75	5.70	2.94	6.28	3.36
3825.7167N	00146.1719W	559.3	06/19/2025	08:57:32.91	2.5	4	1.91	2.11	5.52	2.30	4.17	2.46	3.28	2.74	5.71	2.92	6.54	3.35
3825.7162N	00146.1718W	559.1	06/19/2025	08:57:33.81	2.5	4	1.86	2.11	5.50	2.30	4.29	2.46	3.48	2.73	6.06	2.91	6.91	3.36
3825.7158N	00146.1715W	559.0	06/19/2025	08:57:34.86	2.5	4	2.02	2.11	5.80	2.30	4.64	2.45	3.82	2.73	6.40	2.93	7.18	3.43
3825.7153N	00146.1712W	559.0	06/19/2025	08:57:35.91	2.5	4	2.28	2.10	6.19	2.28	5.15	2.43	4.25	2.72	6.84	2.96	7.59	3.47
3825.7150N	00146.1709W	558.9	06/19/2025	08:57:36.81	2.5	4	2.54	2.10	6.55	2.28	5.39	2.43	4.51	2.71	6.99	2.95	7.96	3.49
3825.7147N	00146.1704W	558.8	06/19/2025	08:57:37.86	2.5	4	2.10	2.11	6.01	2.30	5.07	2.45	4.32	2.70	7.14	2.90	8.29	3.43
3825.7142N	00146.1698W	558.8	06/19/2025	08:57:38.91	2.5	4	2.45	2.10	6.42	2.28	5.52	2.43	4.82	2.71	7.78	2.92	9.01	3.43
3825.7139N	00146.1694W	558.7	06/19/2025	08:57:39.81	2.5	4	2.43	2.10	6.45	2.29	5.63	2.43	4.93	2.70	7.75	2.92	8.92	3.47
3825.7138N	00146.1690W	558.5	06/19/2025	08:57:40.86	2.5	4	2.99	2.09	7.14	2.26	6.22	2.41	5.45	2.72	8.41	2.99	9.41	3.52
3825.7137N	00146.1687W	558.4	06/19/2025	08:57:41.91	2.5	4	2.48	2.10	6.55	2.28	5.86	2.43	5.31	2.69	8.32	2.94	9.42	3.52
3825.7135N	00146.1685W	558.4	06/19/2025	08:57:42.81	2.5	4	1.62	2.12	5.23	2.32	4.05	2.49	3.48	2.74	6.65	2.81	7.93	3.26
3825.7134N	00146.1684W	558.3	06/19/2025	08:57:43.86	2.5	4	1.91	2.11	5.68	2.31	4.80	2.46	4.31	2.70	7.31	2.86	8.48	3.39
3825.7133N	00146.1680W	558.3	06/19/2025	08:57:44.91	2.5	4	2.21	2.11	6.18	2.29	5.37	2.44	4.84	2.69	7.79	2.88	9.06	3.43
3825.7132N	00146.1676W	558.2	06/19/2025	08:57:45.81	2.5	4	1.77	2.11	5.47	2.32	4.28	2.48	3.75	2.72	6.70	2.82	8.02	3.23
3825.7129N	00146.1674W	558.2	06/19/2025	08:57:46.86	2.5	4	1.77	2.11	5.43	2.31	4.27	2.47	3.79	2.71	6.83	2.84	8.23	3.31
3825.7128N	00146.1669W	558.3	06/19/2025	08:57:47.91	2.5	4	2.29	2.10	6.33	2.29	5.43	2.43	4.89	2.71	7.90	2.94	8.84	3.49
3825.7126N	00146.1664W	558.3	06/19/2025	08:57:48.81	2.5	4	2.76	2.10	6.84	2.27	5.85	2.43	5.13	2.73	7.84	2.97	8.57	3.49
3825.7126N	00146.1659W	558.4	06/19/2025	08:57:49.86	2.5	4	2.48	2.10	6.48	2.29	5.52	2.44	4.73	2.73	7.39	2.95	8.16	3.47
3825.7125N	00146.1654W	558.5	06/19/2025	08:57:50.91	2.5	4	2.71	2.10	6.71	2.27	5.60	2.44	4.78	2.75	7.34	2.98	8.15	3.49
3825.7126N	00146.1649W	558.5	06/19/2025	08:57:51.81	2.5	4	2.49	2.10	6.44	2.29	5.31	2.44	4.50	2.71	7.10	2.92	7.98	3.44
3825.7129N	00146.1643W	558.5	06/19/2025	08:57:52.86	2.5	4	1.91	2.11	5.69	2.31	4.66	2.46	3.88	2.71	6.45	2.84	7.42	3.34
3825.7131N	00146.1639W	558.5	06/19/2025	08:57:53.91	2.5	4	2.26	2.10	6.19	2.29	5.15	2.44	4.25	2.74	6.94	2.97	7.77	3.47
3825.7133N	00146.1637W	558.5	06/19/2025	08:57:54.81	2.5	4	2.37	2.10	6.29	2.27	5.25	2.42	4.39	2.73	7.21	2.96	7.99	3.44
3825.7133N	00146.1636W	558.5	06/19/2025	08:57:55.86	2.5	4	2.20	2.10	6.10	2.29	5.13	2.44	4.39	2.71	6.92	2.91	7.85	3.40
3825.7135N	00146.1637W	558.4	06/19/2025	08:57:56.91	2.5	4	2.17	2.10	6.05	2.29	5.34	2.43	4.46	2.70	7.15	2.95	8.15	3.47
3825.7140N	00146.1640W	558.4	06/19/2025	08:57:57.81	2.5	4	2.55	2.10	6.58	2.28	5.57	2.43	4.77	2.73	7.50	2.96	8.70	3.45
3825.7145N	00146.1642W	558.3	06/19/2025	08:57:58.86	2.5	4	2.73	2.10	6.87	2.27	5.91	2.43	5.19	2.74	8.13	3.00	9.31	3.49
3825.7148N	00146.1645W	558.3	06/19/2025	08:57:59.91	2.5	4	2.37	2.10	6.37	2.28	5.62	2.43	5.04	2.71	8.00	2.93	9.29	3.45
3825.7152N	00146.1649W	558.3	06/19/2025	08:58:00.81	2.5	4	2.18	2.11	6.13	2.30	5.31	2.45	4.76	2.71	7.88	2.90	9.02	3.41
3825.7155N	00146.1655W	558.2	06/19/2025	08:58:01.86	2.5	4	2.18	2.11	6.19	2.30	5.42	2.44	4.90	2.71	8.02	2.91	9.13	3.44
3825.7159N	00146.1661W	558.2	06/19/2025	08:58:02.76	2.5	4	2.79	2.10	6.98	2.27	6.17	2.42	5.51	2.73	8.29	3.00	9.37	3.51
3825.7162N	00146.1665W	558.2	06/19/2025	08:58:03.81	2.5	4	2.39	2.11	6.42	2.29	5.61	2.43	5.08	2.71	7.95	2.95	8.87	3.51
3825.7163N	00146.1671W	558.1	06/19/2025	08:58:04.86	2.5	4	2.33	2.10	6.35	2.29	5.55	2.43	4.84	2.71	7.64	2.93	8.53	3.47
3825.7166N	00146.1674W	558.1	06/19/2025	08:58:05.76	2.5	4	3.13	2.08	7.17	2.25	5.98	2.44	5.04	2.80	7.76	3.06	8.25	3.54
3825.7168N	00146.1679W	558.0	06/19/2025	08:58:09.36	2.5	4	3.38	2.08	7.27	2.25	5.99	2.47	5.28	2.85	7.51	3.08	8.08	3.59	s
3825.7168N	00146.1679W	558.0	06/19/2025	08:58:10.27	2.5	4	3.37	2.08	7.27	2.25	5.99	2.47	5.21	2.85	7.50	3.09	8.11	3.58
3825.7169N	00146.1679W	558.0	06/19/2025	08:58:11.31	2.5	4	3.43	2.08	7.30	2.25	6.00	2.47	5.27	2.85	7.55	3.08	8.09	3.59
3825.7169N	00146.1680W	557.9	06/19/2025	08:58:12.36	2.5	4	3.59	2.07	7.35	2.25	6.02	2.48	5.30	2.87	7.54	3.10	8.15	3.59
3825.7169N	00146.1680W	557.9	06/19/2025	08:58:13.26	2.5	4	3.35	2.08	7.31	2.25	5.97	2.46	5.17	2.82	7.73	3.06	8.14	3.53
3825.7169N	00146.1677W	557.9	06/19/2025	08:58:14.31	2.5	4	2.13	2.11	6.10	2.30	5.23	2.44	4.69	2.69	7.44	2.91	8.19	3.52
3825.7168N	00146.1676W	557.9	06/19/2025	08:58:15.36	2.5	4	2.16	2.11	5.97	2.30	5.10	2.44	4.54	2.70	7.40	2.94	8.41	3.53
3825.7170N	00146.1676W	557.8	06/19/2025	08:58:16.26	2.5	4	2.76	2.10	6.90	2.27	5.86	2.43	5.09	2.75	7.80	3.02	8.47	3.52
3825.7172N	00146.1676W	557.8	06/19/2025	08:58:17.31	2.5	4	2.08	2.11	6.01	2.30	4.93	2.45	4.32	2.71	7.02	2.91	7.92	3.43
3825.7174N	00146.1679W	557.8	06/19/2025	08:58:18.36	2.5	4	2.19	2.11	6.01	2.30	5.01	2.45	4.27	2.72	6.79	2.92	7.63	3.40
3825.7178N	00146.1679W	557.8	06/19/2025	08:58:19.26	2.5	4	2.54	2.10	6.47	2.28	5.20	2.45	4.27	2.76	6.67	2.98	7.41	3.40
3825.7183N	00146.1681W	557.7	06/19/2025	08:58:20.31	2.5	4	2.71	2.10	6.47	2.28	5.03	2.45	4.07	2.76	6.62	2.98	7.35	3.42
3825.7187N	00146.1685W	557.6	06/19/2025	08:58:21.36	2.5	4	2.04	2.11	5.86	2.30	4.62	2.46	3.83	2.75	6.31	2.94	7.14	3.40
3825.7192N	00146.1690W	557.6	06/19/2025	08:58:22.26	2.5	4	2.56	2.09	6.11	2.28	4.67	2.47	3.74	2.79	6.15	2.99	6.59	3.40
3825.7199N	00146.1693W	557.5	06/19/2025	08:58:23.31	2.5	4	2.49	2.10	6.10	2.28	4.57	2.48	3.55	2.81	5.81	3.01	6.22	3.42
3825.7206N	00146.1695W	557.4	06/19/2025	08:58:24.36	2.5	4	2.45	2.10	6.01	2.28	4.45	2.48	3.36	2.81	5.64	3.02	6.22	3.45
3825.7212N	00146.1699W	557.4	06/19/2025	08:58:25.26	2.5	4	2.20	2.10	5.78	2.28	4.27	2.46	3.25	2.78	5.51	2.98	6.00	3.40
3825.7219N	00146.1702W	557.3	06/19/2025	08:58:26.31	2.5	4	2.17	2.10	5.73	2.28	4.16	2.47	3.01	2.78	5.16	2.98	5.54	3.40
3825.7225N	00146.1707W	557.3	06/19/2025	08:58:27.36	2.5	4	2.09	2.10	5.58	2.28	3.91	2.47	2.75	2.79	4.85	3.01	5.14	3.43
3825.7230N	00146.1712W	557.3	06/19/2025	08:58:28.26	2.5	4	1.89	2.10	5.41	2.29	3.74	2.47	2.51	2.78	4.70	2.97	5.04	3.37
3825.7235N	00146.1716W	557.3	06/19/2025	08:58:29.31	2.5	4	1.76	2.11	5.23	2.31	3.63	2.49	2.44	2.77	4.65	2.94	4.91	3.33
3825.7241N	00146.1720W	557.4	06/19/2025	08:58:30.36	2.5	4	1.75	2.11	5.24	2.31	3.72	2.48	2.54	2.78	4.81	2.94	5.08	3.33
3825.7246N	00146.1724W	557.4	06/19/2025	08:58:31.26	2.5	4	1.88	2.11	5.39	2.30	3.89	2.49	2.83	2.78	5.10	2.94	5.19	3.32
3825.7252N	00146.1727W	557.3	06/19/2025	08:58:32.31	2.5	4	1.94	2.11	5.56	2.30	4.09	2.48	3.05	2.78	5.30	2.93	5.39	3.31
3825.7255N	00146.1732W	557.4	06/19/2025	08:58:33.36	2.5	4	2.17	2.11	5.77	2.30	4.20	2.48	3.11	2.78	5.26	2.96	5.16	3.35
3825.7261N	00146.1735W	557.3	06/19/2025	08:58:34.26	2.5	4	1.97	2.11	5.74	2.31	4.03	2.48	2.93	2.78	4.97	2.94	4.98	3.32
3825.7268N	00146.1737W	557.2	06/19/2025	08:58:35.31	2.5	4	1.72	2.12	5.22	2.31	3.71	2.49	2.64	2.77	4.68	2.93	4.94	3.31
3825.7271N	00146.1737W	557.2	06/19/2025	08:58:36.36	2.5	4	1.41	2.12	4.77	2.32	3.16	2.50	2.10	2.76	4.14	2.90	4.44	3.25
3825.7277N	00146.1733W	557.2	06/19/2025	08:58:37.26	2.5	4	1.33	2.12	4.57	2.32	2.98	2.50	1.86	2.76	3.90	2.89	4.14	3.26
3825.7280N	00146.1730W	557.2	06/19/2025	08:58:38.31	2.5	4	1.39	2.12	4.55	2.32	2.91	2.50	1.82	2.77	4.05	2.90	4.17	3.25
3825.7283N	00146.1724W	557.2	06/19/2025	08:58:39.36	2.6	4	1.62	2.11	5.06	2.31	3.50	2.48	2.45	2.77	4.53	2.94	4.74	3.34
3825.7283N	00146.1718W	557.2	06/19/2025	08:58:40.26	2.6	4	1.51	2.12	4.94	2.31	3.40	2.48	2.40	2.75	4.42	2.92	4.74	3.36
3825.7281N	00146.1711W	557.1	06/19/2025	08:58:41.31	2.6	4	1.62	2.11	5.03	2.31	3.46	2.48	2.43	2.77	4.48	2.96	4.69	3.38
3825.7278N	00146.1705W	557.1	06/19/2025	08:58:42.36	2.6	4	1.62	2.11	5.09	2.31	3.58	2.48	2.41	2.77	4.55	2.94	4.74	3.32
3825.7274N	00146.1700W	557.0	06/19/2025	08:58:43.26	2.6	4	1.76	2.11	5.30	2.31	3.72	2.48	2.64	2.77	4.85	2.92	5.06	3.30
3825.7269N	00146.1694W	557.0	06/19/2025	08:58:44.31	2.6	4	1.82	2.11	5.38	2.31	3.89	2.48	2.76	2.77	4.83	2.94	5.00	3.33
3825.7263N	00146.1691W	557.0	06/19/2025	08:58:45.36	2.6	4	1.80	2.11	5.35	2.30	3.78	2.48	2.65	2.79	4.82	2.95	5.09	3.33
3825.7257N	00146.1689W	556.9	06/19/2025	08:58:46.26	2.6	4	1.79	2.11	5.27	2.31	3.71	2.49	2.63	2.78	4.75	2.94	4.89	3.31
3825.7251N	00146.1687W	556.8	06/19/2025	08:58:47.31	2.6	4	1.83	2.11	5.29	2.31	3.72	2.50	2.61	2.79	4.58	2.92	4.84	3.27
3825.7244N	00146.1686W	556.8	06/19/2025	08:58:48.36	2.6	4	1.71	2.11	5.24	2.31	3.77	2.49	2.64	2.78	4.65	2.94	4.84	3.32
3825.7240N	00146.1686W	556.8	06/19/2025	08:58:49.26	2.6	4	1.90	2.11	5.66	2.31	3.97	2.47	2.68	2.77	4.75	2.98	5.05	3.44
3825.7236N	00146.1682W	556.8	06/19/2025	08:58:50.31	2.6	4	1.91	2.11	5.48	2.29	4.06	2.46	2.79	2.78	4.92	3.00	5.40	3.44
3825.7232N	00146.1679W	556.9	06/19/2025	08:58:51.36	2.6	4	1.76	2.11	5.36	2.30	3.85	2.46	2.70	2.75	4.89	2.95	5.30	3.42
3825.7225N	00146.1679W	557.1	06/19/2025	08:58:52.26	2.6	4	1.80	2.11	5.33	2.31	3.87	2.46	2.80	2.73	4.98	2.91	5.44	3.36
3825.7220N	00146.1678W	557.3	06/19/2025	08:58:53.31	2.6	4	2.00	2.12	5.46	2.31	3.93	2.47	2.86	2.74	5.11	2.93	5.71	3.39
3825.7215N	00146.1678W	557.3	06/19/2025	08:58:54.36	2.6	4	1.81	2.11	5.34	2.31	3.87	2.47	2.84	2.75	5.14	2.93	5.82	3.35
3825.7209N	00146.1676W	557.4	06/19/2025	08:58:55.26	2.6	4	1.77	2.12	5.33	2.31	3.89	2.47	2.93	2.75	5.23	2.93	5.87	3.34
3825.7207N	00146.1675W	557.4	06/19/2025	08:58:56.31	2.6	4	1.62	2.12	5.21	2.32	3.85	2.48	2.92	2.75	5.25	2.90	5.96	3.33
3825.7203N	00146.1673W	557.4	06/19/2025	08:58:57.36	2.6	4	1.86	2.11	5.38	2.31	4.06	2.48	3.24	2.75	5.58	2.92	6.19	3.33
3825.7199N	00146.1670W	557.3	06/19/2025	08:58:58.26	2.6	4	1.86	2.12	5.57	2.31	4.25	2.47	3.45	2.74	5.82	2.93	6.58	3.39
3825.7196N	00146.1668W	557.3	06/19/2025	08:58:59.30	2.6	4	2.19	2.11	5.91	2.30	4.56	2.46	3.73	2.76	6.29	2.96	7.13	3.41
3825.7192N	00146.1666W	557.3	06/19/2025	08:59:00.36	2.6	4	1.70	2.12	5.33	2.32	4.04	2.48	3.34	2.73	5.96	2.88	6.92	3.33
3825.7188N	00146.1664W	557.2	06/19/2025	08:59:01.25	2.6	4	2.18	2.11	5.77	2.31	4.69	2.47	3.89	2.73	6.66	2.93	7.59	3.40
3825.7184N	00146.1660W	557.2	06/19/2025	08:59:02.31	2.6	4	3.72	2.11	7.07	2.28	5.61	2.45	4.79	2.77	7.38	3.00	8.22	3.47
3825.7181N	00146.1656W	557.2	06/19/2025	08:59:03.20	2.6	4	2.53	2.11	6.53	2.29	5.49	2.44	4.79	2.72	7.44	2.94	8.53	3.46
3825.7178N	00146.1651W	557.2	06/19/2025	08:59:04.25	2.6	4	2.44	2.11	6.37	2.30	5.52	2.44	4.82	2.71	7.74	2.92	8.78	3.44
3825.7177N	00146.1646W	557.2	06/19/2025	08:59:05.30	2.6	4	3.19	2.10	7.24	2.27	6.30	2.42	5.51	2.74	8.25	3.03	9.21	3.55
3825.7176N	00146.1639W	557.2	06/19/2025	08:59:06.20	2.6	4	2.80	2.11	7.14	2.28	6.32	2.42	5.57	2.72	8.31	2.97	9.32	3.51
3825.7174N	00146.1633W	557.2	06/19/2025	08:59:07.26	2.6	4	2.56	2.11	6.61	2.30	5.86	2.44	5.28	2.70	8.20	2.91	9.32	3.43
3825.7171N	00146.1627W	557.2	06/19/2025	08:59:08.31	2.6	4	2.89	2.11	7.09	2.28	6.28	2.43	5.67	2.72	8.63	2.97	9.93	3.48
3825.7169N	00146.1620W	557.1	06/19/2025	08:59:09.21	2.6	4	3.13	2.10	7.36	2.28	6.53	2.44	5.95	2.76	9.03	3.00	10.23	3.48
3825.7165N	00146.1614W	557.0	06/19/2025	08:59:10.25	2.6	4	3.01	2.10	7.25	2.28	6.46	2.44	5.93	2.74	8.67	3.00	9.66	3.47
3825.7162N	00146.1610W	556.9	06/19/2025	08:59:11.31	2.6	4	2.89	2.11	7.27	2.28	6.36	2.44	5.96	2.73	8.42	2.98	9.25	3.47
3825.7162N	00146.1606W	556.8	06/19/2025	08:59:12.20	2.6	4	2.53	2.11	6.67	2.30	5.96	2.44	5.55	2.71	8.02	2.92	8.87	3.40
3825.7163N	00146.1604W	556.7	06/19/2025	08:59:13.25	2.6	4	2.45	2.11	6.58	2.30	5.75	2.45	5.33	2.70	7.89	2.90	8.91	3.38
3825.7166N	00146.1603W	556.6	06/19/2025	08:59:14.30	2.6	4	2.47	2.11	6.53	2.30	5.75	2.45	5.50	2.72	8.24	2.96	9.53	3.45
3825.7170N	00146.1603W	556.5	06/19/2025	08:59:15.20	2.6	4	2.25	2.12	6.35	2.31	5.57	2.46	5.35	2.71	7.95	2.90	9.26	3.38
3825.7173N	00146.1605W	556.4	06/19/2025	08:59:16.25	2.6	4	2.40	2.11	6.46	2.31	5.73	2.45	5.52	2.70	8.22	2.91	9.59	3.41
3825.7176N	00146.1607W	556.3	06/19/2025	08:59:17.30	2.6	4	2.08	2.12	5.99	2.32	5.19	2.47	5.05	2.71	7.78	2.86	9.18	3.36
3825.7178N	00146.1611W	556.2	06/19/2025	08:59:18.20	2.6	4	2.42	2.11	6.47	2.31	5.75	2.45	5.49	2.70	8.19	2.93	9.58	3.45
3825.7179N	00146.1616W	556.1	06/19/2025	08:59:19.25	2.6	4	2.62	2.11	6.74	2.29	5.97	2.44	5.70	2.71	8.48	2.96	9.96	3.46
3825.7181N	00146.1622W	556.0	06/19/2025	08:59:20.30	2.6	4	2.64	2.11	6.80	2.29	6.05	2.44	5.74	2.72	8.65	2.96	9.99	3.44
3825.7186N	00146.1626W	555.9	06/19/2025	08:59:21.20	2.6	4	3.41	2.09	7.44	2.26	6.55	2.44	6.21	2.75	8.98	3.00	10.27	3.48
3825.7191N	00146.1629W	555.8	06/19/2025	08:59:22.25	2.6	4	2.96	2.11	7.22	2.28	6.43	2.43	6.12	2.74	8.83	3.01	10.05	3.48
3825.7198N	00146.1630W	555.7	06/19/2025	08:59:23.30	2.6	4	2.76	2.11	6.90	2.28	6.04	2.44	5.57	2.74	8.15	2.99	9.22	3.45
3825.7202N	00146.1631W	555.6	06/19/2025	08:59:24.20	2.6	4	2.09	2.12	5.99	2.32	5.16	2.46	4.85	2.70	7.33	2.88	8.54	3.38
3825.7207N	00146.1634W	555.5	06/19/2025	08:59:25.25	2.6	4	2.33	2.11	6.25	2.30	5.38	2.45	4.92	2.73	7.34	2.95	8.16	3.39
3825.7212N	00146.1637W	555.5	06/19/2025	08:59:26.30	2.6	4	2.46	2.11	6.37	2.29	5.27	2.45	4.70	2.75	6.93	2.98	7.64	3.43
3825.7216N	00146.1640W	555.4	06/19/2025	08:59:27.20	2.6	4	2.06	2.11	5.93	2.30	4.77	2.46	4.16	2.75	6.30	2.96	7.15	3.39
3825.7219N	00146.1645W	555.3	06/19/2025	08:59:28.25	2.6	4	1.97	2.12	5.59	2.31	4.33	2.48	3.67	2.74	5.83	2.93	6.43	3.34
3825.7220N	00146.1649W	555.2	06/19/2025	08:59:29.30	2.6	4	1.92	2.12	5.57	2.31	4.25	2.47	3.53	2.76	5.58	2.96	6.23	3.38
3825.7225N	00146.1655W	555.1	06/19/2025	08:59:30.20	2.6	4	1.85	2.11	5.43	2.31	4.02	2.48	3.21	2.78	5.31	2.98	5.97	3.35
3825.7229N	00146.1662W	555.1	06/19/2025	08:59:31.25	2.6	4	1.87	2.11	5.38	2.31	3.88	2.49	3.10	2.78	5.05	2.95	5.58	3.32
3825.7232N	00146.1668W	555.1	06/19/2025	08:59:32.30	2.6	4	1.77	2.11	5.28	2.31	3.82	2.48	2.98	2.77	4.91	2.96	5.30	3.41
3825.7237N	00146.1672W	554.9	06/19/2025	08:59:33.20	2.6	4	1.87	2.11	5.41	2.30	3.93	2.46	2.98	2.76	4.88	3.01	5.21	3.46
3825.7244N	00146.1671W	554.8	06/19/2025	08:59:34.25	2.6	4	1.98	2.11	5.57	2.29	3.97	2.47	3.06	2.77	4.90	2.98	5.16	3.42
3825.7248N	00146.1669W	554.7	06/19/2025	08:59:35.30	2.6	4	1.78	2.11	5.33	2.30	3.89	2.47	3.03	2.76	4.88	2.97	5.09	3.40
3825.7255N	00146.1669W	554.6	06/19/2025	08:59:36.20	2.6	4	2.05	2.20	5.48	2.33	3.85	2.51	2.93	2.80	4.75	3.06	4.98	3.44
3825.7262N	00146.1670W	554.5	06/19/2025	08:59:37.25	2.6	4	1.89	2.27	4.89	2.63	4.20	2.78	3.54	3.05	5.08	3.19	5.34	3.50
3825.7266N	00146.1670W	554.6	06/19/2025	08:59:38.31	2.6	4	1.99	2.17	5.24	2.37	3.93	2.52	3.12	2.78	4.72	2.99	4.88	3.39
3825.7266N	00146.1671W	554.5	06/19/2025	08:59:39.21	2.6	4	1.82	2.18	5.03	2.39	3.72	2.54	3.11	2.81	4.08	2.96	3.21	3.07
3825.7264N	00146.1673W	554.4	06/19/2025	08:59:40.25	2.6	4	1.73	2.18	4.98	2.39	3.83	2.54	4.30	2.72	7.98	2.77	4.49	3.31
3825.7260N	00146.1673W	554.4	06/19/2025	08:59:41.30	2.6	4	1.77	2.18	5.10	2.39	5.26	2.52	19.92	2.72	12.12	2.38	4.87	3.21
3825.7260N	00146.1673W	554.5	06/19/2025	08:59:42.20	2.6	4	1.77	2.18	4.99	2.39	4.25	2.55	7.88	2.89	10.15	2.97	4.89	3.26
3825.7260N	00146.1670W	554.5	06/19/2025	08:59:43.26	2.6	4	1.78	2.18	4.95	2.39	3.61	2.54	2.98	2.76	4.27	2.85	4.30	3.31
3825.7261N	00146.1670W	554.4	06/19/2025	08:59:44.30	2.6	4	1.87	2.18	5.08	2.39	3.78	2.54	3.03	2.78	4.40	2.95	4.55	3.37
3825.7262N	00146.1670W	554.5	06/19/2025	08:59:45.20	2.6	4	1.82	2.18	5.02	2.39	3.66	2.54	2.98	2.79	4.41	2.96	4.62	3.39
3825.7263N	00146.1670W	554.5	06/19/2025	08:59:46.25	2.6	4	1.81	2.18	4.99	2.39	3.68	2.54	2.99	2.79	4.32	2.97	4.56	3.40
3825.7265N	00146.1670W	554.5	06/19/2025	08:59:47.30	2.6	4	1.83	2.18	5.04	2.39	3.74	2.53	2.88	2.77	4.11	2.95	4.42	3.40
3825.7266N	00146.1671W	554.6	06/19/2025	08:59:48.21	2.6	4	1.68	2.18	4.76	2.39	3.24	2.55	2.46	2.80	4.03	2.94	4.31	3.24
3825.7269N	00146.1672W	554.7	06/19/2025	08:59:49.26	2.6	4	1.86	2.17	4.99	2.38	3.52	2.54	2.84	2.79	4.26	2.95	4.38	3.36
3825.7270N	00146.1673W	554.7	06/19/2025	08:59:50.30	2.6	4	1.85	2.18	5.10	2.39	3.61	2.54	2.82	2.79	4.24	2.96	4.46	3.42
3825.7275N	00146.1673W	554.8	06/19/2025	08:59:51.20	2.6	4	1.95	2.17	5.27	2.38	3.80	2.52	3.02	2.79	4.49	3.00	4.68	3.43
3825.7279N	00146.1674W	554.8	06/19/2025	08:59:52.25	2.6	4	1.98	2.18	5.29	2.38	3.80	2.53	3.11	2.79	4.63	2.99	4.62	3.44
3825.7285N	00146.1675W	554.9	06/19/2025	08:59:53.30	2.6	4	2.13	2.17	5.48	2.38	3.95	2.53	3.18	2.80	4.60	3.03	4.54	3.43
3825.7292N	00146.1677W	554.9	06/19/2025	08:59:54.20	2.6	4	2.05	2.17	5.33	2.38	3.76	2.53	2.93	2.80	4.45	3.02	4.63	3.40
3825.7296N	00146.1679W	554.9	06/19/2025	08:59:55.25	2.6	4	2.07	2.17	5.36	2.37	3.79	2.52	2.97	2.79	4.48	2.98	4.44	3.39
3825.7296N	00146.1683W	555.0	06/19/2025	08:59:56.30	2.6	4	2.28	2.17	5.46	2.36	3.83	2.53	3.02	2.81	4.54	3.04	4.56	3.41
3825.7296N	00146.1689W	555.0	06/19/2025	08:59:57.20	2.6	4	2.10	2.17	5.41	2.37	3.81	2.53	2.98	2.81	4.55	3.00	4.70	3.40
3825.7294N	00146.1695W	555.0	06/19/2025	08:59:58.25	2.6	4	2.15	2.17	5.40	2.37	3.80	2.53	3.00	2.81	4.36	3.01	4.68	3.40
3825.7291N	00146.1700W	555.0	06/19/2025	08:59:59.30	2.6	4	2.01	2.17	5.29	2.38	3.76	2.52	3.01	2.79	4.49	3.00	4.65	3.42
3825.7287N	00146.1702W	554.9	06/19/2025	09:00:00.20	2.6	4	2.09	2.17	5.35	2.38	3.78	2.53	2.93	2.80	4.47	3.02	4.49	3.42
3825.7284N	00146.1702W	554.8	06/19/2025	09:00:01.25	2.6	4	2.21	2.17	5.53	2.37	3.96	2.53	3.13	2.79	4.68	3.00	4.67	3.39
3825.7281N	00146.1699W	554.7	06/19/2025	09:00:02.30	2.6	4	2.10	2.17	5.48	2.38	3.99	2.53	3.25	2.79	4.88	2.98	5.01	3.38
3825.7276N	00146.1695W	554.7	06/19/2025	09:00:03.20	2.6	4	2.08	2.17	5.40	2.38	3.89	2.53	3.16	2.81	4.71	3.02	4.94	3.41
3825.7270N	00146.1690W	554.7	06/19/2025	09:00:04.25	2.6	4	2.16	2.17	5.47	2.37	3.84	2.54	3.09	2.83	4.62	3.03	4.95	3.42
3825.7265N	00146.1685W	554.6	06/19/2025	09:00:05.30	2.6	4	2.38	2.16	5.53	2.37	3.96	2.54	3.16	2.83	4.71	3.03	5.02	3.44
3825.7259N	00146.1684W	554.7	06/19/2025	09:00:06.20	2.6	4	2.46	2.16	5.73	2.36	4.15	2.52	3.39	2.81	4.89	3.05	4.98	3.45
3825.7253N	00146.1684W	554.7	06/19/2025	09:00:07.25	2.6	4	2.51	2.16	5.77	2.37	4.15	2.54	3.35	2.83	4.78	3.05	5.03	3.44
3825.7249N	00146.1689W	554.7	06/19/2025	09:00:08.30	2.6	4	2.60	2.16	5.82	2.36	4.13	2.54	3.35	2.84	4.84	3.05	5.13	3.47
3825.7246N	00146.1694W	554.7	06/19/2025	09:00:09.20	2.6	4	2.20	2.17	5.54	2.37	3.98	2.53	3.23	2.81	4.76	3.02	5.05	3.41
3825.7243N	00146.1697W	554.9	06/19/2025	09:00:10.25	2.6	4	2.71	2.17	6.07	2.37	4.09	2.52	3.29	2.82	4.78	3.04	5.06	3.49
3825.7242N	00146.1703W	555.0	06/19/2025	09:00:11.30	2.6	4	2.00	2.18	5.29	2.39	3.85	2.52	3.16	2.77	4.59	2.97	4.79	3.45
3825.7240N	00146.1711W	555.0	06/19/2025	09:00:12.20	2.6	4	2.39	2.17	5.75	2.36	4.18	2.51	3.36	2.80	4.81	3.05	5.13	3.48
3825.7239N	00146.1719W	555.1	06/19/2025	09:00:13.25	2.6	4	2.13	2.18	5.45	2.38	3.93	2.53	3.18	2.79	4.62	3.00	4.92	3.41
3825.7237N	00146.1728W	555.0	06/19/2025	09:00:14.15	2.6	4	2.43	2.17	5.70	2.38	4.01	2.53	3.15	2.82	4.69	3.02	5.02	3.42
3825.7234N	00146.1736W	555.0	06/19/2025	09:00:15.20	2.6	4	2.36	2.17	5.57	2.37	3.93	2.55	3.22	2.82	4.68	3.03	5.03	3.42
3825.7230N	00146.1741W	554.8	06/19/2025	09:00:16.25	2.6	4	2.33	2.17	5.56	2.37	3.90	2.54	3.10	2.82	4.62	3.04	4.90	3.44
3825.7227N	00146.1746W	554.7	06/19/2025	09:00:17.15	2.6	4	2.19	2.17	5.54	2.37	3.93	2.53	3.09	2.81	4.61	3.04	5.01	3.46
3825.7222N	00146.1753W	554.6	06/19/2025	09:00:18.20	2.6	4	2.12	2.17	5.35	2.38	3.77	2.53	2.96	2.81	4.51	3.02	4.77	3.44
3825.7217N	00146.1759W	554.5	06/19/2025	09:00:19.25	2.6	4	1.89	2.18	5.09	2.39	3.63	2.53	2.88	2.79	4.38	2.99	4.74	3.42
3825.7213N	00146.1762W	554.4	06/19/2025	09:00:20.15	2.6	4	2.27	2.17	5.50	2.37	3.87	2.53	3.03	2.80	4.54	3.02	4.94	3.45
3825.7206N	00146.1768W	554.2	06/19/2025	09:00:21.20	2.6	4	2.20	2.17	5.51	2.37	3.94	2.52	3.11	2.80	4.65	3.06	4.91	3.51
3825.7200N	00146.1771W	554.0	06/19/2025	09:00:22.25	2.6	4	2.23	2.17	5.52	2.37	3.97	2.51	3.10	2.79	4.62	3.05	4.92	3.52
3825.7195N	00146.1775W	553.9	06/19/2025	09:00:23.15	2.6	4	2.24	2.17	5.56	2.37	4.01	2.51	3.19	2.79	4.76	3.04	5.19	3.50
3825.7191N	00146.1782W	553.9	06/19/2025	09:00:24.20	2.6	4	2.12	2.17	5.44	2.37	4.00	2.52	3.28	2.78	4.78	3.01	5.23	3.49
3825.7188N	00146.1787W	553.8	06/19/2025	09:00:25.25	2.6	4	2.30	2.17	5.62	2.36	4.11	2.51	3.26	2.79	4.79	3.05	5.14	3.50
3825.7184N	00146.1792W	553.7	06/19/2025	09:00:26.15	2.6	4	2.43	2.17	5.68	2.36	4.09	2.52	3.29	2.79	4.98	3.02	5.45	3.46
3825.7179N	00146.1796W	553.6	06/19/2025	09:00:27.20	2.6	4	2.16	2.17	5.48	2.37	3.97	2.52	3.17	2.79	4.85	3.01	5.24	3.48
3825.7175N	00146.1802W	553.6	06/19/2025	09:00:28.25	2.6	4	1.95	2.18	5.19	2.39	3.74	2.52	2.94	2.78	4.58	2.98	5.08	3.48
3825.7172N	00146.1804W	553.5	06/19/2025	09:00:29.15	2.6	4	1.90	2.18	5.16	2.39	3.70	2.53	2.96	2.77	4.51	2.96	4.96	3.42
3825.7166N	00146.1805W	553.5	06/19/2025	09:00:30.20	2.6	4	2.01	2.18	5.34	2.38	3.87	2.52	3.24	2.77	4.90	2.98	5.42	3.44
3825.7162N	00146.1805W	553.4	06/19/2025	09:00:31.25	2.6	4	2.21	2.17	5.51	2.38	4.11	2.52	3.44	2.79	5.12	3.01	5.66	3.46
3825.7157N	00146.1801W	553.5	06/19/2025	09:00:32.15	2.6	4	2.88	2.17	5.83	2.38	4.29	2.52	3.59	2.78	5.26	3.01	5.98	3.49
3825.7153N	00146.1796W	553.5	06/19/2025	09:00:33.20	2.6	4	2.04	2.17	5.40	2.38	4.12	2.52	3.54	2.77	5.29	2.96	5.96	3.43
3825.7150N	00146.1789W	553.6	06/19/2025	09:00:34.25	2.6	4	2.28	2.17	5.72	2.37	4.47	2.51	3.85	2.78	5.79	3.01	6.52	3.50
3825.7149N	00146.1782W	553.7	06/19/2025	09:00:35.15	2.6	4	2.51	2.17	5.93	2.36	4.64	2.50	4.08	2.77	5.78	3.00	6.47	3.47
3825.7149N	00146.1777W	553.8	06/19/2025	09:00:36.20	2.6	4	2.27	2.17	5.73	2.38	4.44	2.52	3.79	2.77	5.57	2.97	6.37	3.43
3825.7149N	00146.1771W	553.9	06/19/2025	09:00:37.25	2.6	4	1.85	2.18	5.10	2.39	3.79	2.54	3.26	2.78	5.00	2.94	5.50	3.34
3825.7149N	00146.1768W	554.0	06/19/2025	09:00:38.15	2.6	4	2.02	2.18	5.27	2.38	3.94	2.53	3.47	2.77	5.37	2.96	5.90	3.41
3825.7151N	00146.1761W	554.1	06/19/2025	09:00:39.20	2.6	4	2.53	2.16	5.99	2.35	4.66	2.50	4.08	2.78	5.80	3.02	6.37	3.50
3825.7154N	00146.1756W	554.1	06/19/2025	09:00:40.25	2.6	4	2.43	2.17	6.01	2.36	4.69	2.51	4.11	2.77	5.86	3.00	6.40	3.46
3825.7156N	00146.1749W	554.2	06/19/2025	09:00:41.15	2.6	4	2.69	2.17	6.15	2.37	4.75	2.51	4.11	2.78	5.86	3.02	6.46	3.47
3825.7158N	00146.1741W	554.3	06/19/2025	09:00:42.20	2.6	4	2.53	2.17	6.01	2.37	4.57	2.51	3.92	2.79	5.73	3.03	6.46	3.51
3825.7159N	00146.1735W	554.3	06/19/2025	09:00:43.25	2.6	4	2.44	2.17	6.05	2.37	4.65	2.50	4.06	2.78	5.90	3.04	6.76	3.51
3825.7160N	00146.1728W	554.4	06/19/2025	09:00:44.15	2.6	4	2.54	2.17	6.15	2.37	4.81	2.50	4.21	2.77	6.06	3.03	6.80	3.51
3825.7163N	00146.1722W	554.5	06/19/2025	09:00:45.20	2.6	4	2.22	2.18	5.73	2.38	4.52	2.51	4.03	2.75	5.85	2.98	6.75	3.46
3825.7166N	00146.1719W	554.5	06/19/2025	09:00:46.25	2.6	4	2.42	2.17	6.00	2.37	4.77	2.50	4.26	2.77	6.23	3.02	6.90	3.48
3825.7169N	00146.1714W	554.6	06/19/2025	09:00:47.15	2.6	4	2.08	2.18	5.56	2.38	4.24	2.52	3.81	2.76	5.65	2.95	6.32	3.41
3825.7171N	00146.1712W	554.6	06/19/2025	09:00:48.20	2.6	4	1.87	2.18	5.22	2.40	3.85	2.53	3.39	2.76	5.48	2.94	6.24	3.41
3825.7174N	00146.1708W	554.7	06/19/2025	09:00:49.26	2.6	4	2.11	2.18	5.46	2.39	4.12	2.53	3.72	2.77	5.65	2.97	6.39	3.42
3825.7175N	00146.1703W	554.7	06/19/2025	09:00:50.15	2.6	4	2.51	2.18	6.14	2.37	4.74	2.51	4.18	2.77	6.07	3.03	6.86	3.51
3825.7175N	00146.1697W	554.8	06/19/2025	09:00:51.20	2.6	4	2.58	2.17	6.20	2.36	4.96	2.50	4.45	2.79	6.41	3.04	7.18	3.51
3825.7177N	00146.1693W	554.8	06/19/2025	09:00:52.25	2.6	4	2.61	2.17	6.24	2.36	5.08	2.50	4.56	2.78	6.46	3.05	7.21	3.49
3825.7177N	00146.1691W	554.9	06/19/2025	09:00:53.15	2.6	4	4.30	2.18	6.26	2.37	4.93	2.50	4.38	2.77	6.23	3.02	7.02	3.48
3825.7178N	00146.1686W	555.0	06/19/2025	09:00:54.20	2.6	4	2.48	2.18	6.14	2.37	4.91	2.50	4.40	2.77	6.25	3.01	6.97	3.46
3825.7179N	00146.1678W	554.6	06/19/2025	09:00:55.25	2.1	4	2.21	2.18	5.72	2.39	4.58	2.52	4.11	2.75	5.90	2.96	6.68	3.43
3825.7181N	00146.1673W	554.3	06/19/2025	09:00:56.15	2.1	4	2.77	2.17	6.38	2.36	5.06	2.50	4.39	2.79	6.20	3.06	6.99	3.49
3825.7185N	00146.1669W	554.1	06/19/2025	09:00:57.20	2.1	4	2.43	2.18	5.94	2.38	4.70	2.51	4.17	2.77	6.02	3.01	6.81	3.46
3825.7191N	00146.1664W	553.7	06/19/2025	09:00:58.25	2.1	4	2.25	2.18	5.80	2.38	4.50	2.51	3.98	2.76	5.72	2.98	6.42	3.41
3825.7194N	00146.1660W	553.4	06/19/2025	09:00:59.15	2.1	4	2.13	2.18	5.48	2.40	3.99	2.53	3.46	2.77	5.49	2.96	6.07	3.37
3825.7197N	00146.1656W	553.1	06/19/2025	09:01:00.20	2.1	4	2.22	2.18	5.80	2.38	4.44	2.51	3.95	2.76	5.86	2.99	6.58	3.45
3825.7201N	00146.1650W	552.8	06/19/2025	09:01:01.25	2.1	4	1.83	2.19	5.15	2.40	3.69	2.54	3.17	2.77	4.98	2.93	5.59	3.31
3825.7203N	00146.1644W	552.5	06/19/2025	09:01:02.15	2.1	4	2.21	2.18	5.63	2.39	4.24	2.52	3.57	2.76	5.37	2.98	6.01	3.41
3825.7206N	00146.1639W	552.1	06/19/2025	09:01:03.20	2.1	4	2.31	2.18	5.85	2.38	4.37	2.51	3.74	2.76	5.36	2.97	6.13	3.41
3825.7208N	00146.1633W	551.8	06/19/2025	09:01:04.25	2.1	4	2.43	2.18	5.96	2.38	4.51	2.51	3.84	2.76	5.52	2.96	6.19	3.37
3825.7209N	00146.1629W	551.5	06/19/2025	09:01:05.15	2.1	4	2.47	2.18	5.82	2.38	4.54	2.51	3.99	2.75	5.75	2.96	6.53	3.43
3825.7209N	00146.1623W	551.2	06/19/2025	09:01:06.20	2.1	4	2.86	2.18	6.22	2.38	4.82	2.51	4.15	2.77	5.99	3.02	7.02	3.48
3825.7207N	00146.1617W	550.9	06/19/2025	09:01:07.25	2.1	4	2.47	2.18	6.11	2.38	4.89	2.51	4.31	2.76	6.19	2.98	7.14	3.44
3825.7205N	00146.1613W	550.6	06/19/2025	09:01:08.15	2.1	4	2.32	2.18	5.90	2.39	4.83	2.51	4.40	2.75	6.29	2.96	7.47	3.42
3825.7203N	00146.1610W	550.2	06/19/2025	09:01:09.20	2.1	4	2.97	2.18	6.52	2.38	5.32	2.50	4.86	2.74	7.12	2.97	8.34	3.45
3825.7200N	00146.1606W	549.9	06/19/2025	09:01:10.10	2.1	4	2.59	2.18	6.33	2.38	5.47	2.50	5.18	2.73	7.51	2.97	8.81	3.47
3825.7194N	00146.1603W	549.4	06/19/2025	09:01:11.15	2.1	4	2.42	2.19	6.17	2.39	5.31	2.51	5.16	2.73	7.63	2.94	8.82	3.46
3825.7190N	00146.1597W	549.2	06/19/2025	09:01:12.20	2.1	4	2.76	2.18	6.68	2.38	5.93	2.49	5.69	2.73	8.17	2.97	9.56	3.47
3825.7186N	00146.1596W	548.9	06/19/2025	09:01:13.10	2.1	4	2.97	2.18	7.01	2.37	6.31	2.48	6.10	2.74	8.65	2.98	9.95	3.45
3825.7182N	00146.1599W	548.7	06/19/2025	09:01:14.15	2.1	4	2.76	2.18	6.68	2.38	5.96	2.50	5.94	2.73	8.51	2.98	9.89	3.47
3825.7180N	00146.1603W	548.4	06/19/2025	09:01:15.20	2.1	4	3.49	2.16	7.44	2.34	6.49	2.48	6.29	2.77	8.74	3.03	9.94	3.47
3825.7179N	00146.1612W	548.2	06/19/2025	09:01:16.10	2.1	4	2.83	2.18	6.81	2.38	6.03	2.49	6.08	2.72	8.61	2.98	10.17	3.51
3825.7180N	00146.1618W	547.9	06/19/2025	09:01:17.15	2.1	4	3.12	2.17	7.12	2.35	6.20	2.48	5.95	2.76	8.12	3.05	9.15	3.55
3825.7181N	00146.1624W	547.7	06/19/2025	09:01:18.20	2.1	4	2.83	2.18	6.68	2.37	5.77	2.48	5.47	2.73	7.62	3.01	8.52	3.54
3825.7179N	00146.1630W	547.4	06/19/2025	09:01:19.10	2.1	4	2.80	2.18	6.70	2.37	5.83	2.48	5.33	2.74	7.45	3.02	8.46	3.52
3825.7179N	00146.1638W	547.2	06/19/2025	09:01:20.15	2.1	4	2.71	2.18	6.50	2.37	5.52	2.49	5.18	2.74	7.29	3.01	8.30	3.48
3825.7178N	00146.1649W	547.0	06/19/2025	09:01:21.20	2.1	4	2.57	2.18	6.34	2.38	5.29	2.50	4.80	2.76	6.91	3.00	7.79	3.47
3825.7179N	00146.1658W	546.7	06/19/2025	09:01:22.10	2.1	4	2.26	2.18	5.87	2.39	4.76	2.51	4.43	2.74	6.47	2.97	7.26	3.44
3825.7178N	00146.1664W	546.4	06/19/2025	09:01:23.15	2.1	4	2.18	2.19	5.72	2.39	4.55	2.51	4.09	2.76	6.19	2.96	6.98	3.38
3825.7176N	00146.1671W	546.2	06/19/2025	09:01:24.20	2.1	4	2.29	2.18	5.81	2.38	4.99	2.50	4.42	2.74	6.46	2.98	7.26	3.44
3825.7173N	00146.1675W	546.0	06/19/2025	09:01:25.10	2.1	4	2.17	2.19	5.75	2.39	4.65	2.52	4.17	2.76	6.10	2.95	6.96	3.41
3825.7171N	00146.1677W	545.8	06/19/2025	09:01:26.15	2.1	4	2.21	2.18	5.71	2.39	4.62	2.51	4.21	2.76	6.32	2.99	7.08	3.42
3825.7169N	00146.1680W	545.6	06/19/2025	09:01:27.20	2.1	4	2.25	2.19	5.72	2.39	4.72	2.51	4.31	2.74	6.25	2.97	7.01	3.46
3825.7167N	00146.1684W	545.4	06/19/2025	09:01:28.10	2.1	4	2.54	2.18	6.32	2.37	5.32	2.49	4.63	2.79	6.72	3.05	7.59	3.56
3825.7163N	00146.1686W	545.1	06/19/2025	09:01:29.16	2.1	4	1.94	2.19	5.48	2.40	3.66	2.54	3.36	2.74	5.48	2.89	6.43	3.38
3825.7162N	00146.1685W	544.9	06/19/2025	09:01:30.20	2.1	4	1.81	2.19	5.07	2.41	3.43	2.54	2.87	2.79	5.08	2.91	6.08	3.26
3825.7158N	00146.1687W	544.6	06/19/2025	09:01:31.10	2.1	4	2.22	2.18	5.44	2.39	4.14	2.52	3.67	2.77	6.15	2.95	7.23	3.40
3825.7153N	00146.1686W	544.4	06/19/2025	09:01:32.15	2.1	4	3.33	2.17	7.32	2.34	6.20	2.46	5.89	2.76	8.10	3.06	9.10	3.60
3825.7147N	00146.1684W	544.1	06/19/2025	09:01:33.20	2.1	4	2.75	2.18	6.59	2.38	5.78	2.49	5.69	2.72	8.03	2.97	8.92	3.52
3825.7142N	00146.1684W	543.8	06/19/2025	09:01:34.10	2.1	4	3.28	2.17	7.47	2.35	6.67	2.47	6.43	2.76	8.76	3.06	9.58	3.61
3825.7138N	00146.1687W	543.5	06/19/2025	09:01:35.15	2.1	4	3.66	2.16	7.90	2.34	7.05	2.46	6.80	2.79	8.94	3.11	9.60	3.63
3825.7136N	00146.1692W	543.2	06/19/2025	09:01:36.20	2.1	4	3.71	2.16	7.93	2.34	6.95	2.46	6.61	2.78	8.78	3.08	9.63	3.61
3825.7133N	00146.1699W	542.9	06/19/2025	09:01:37.10	2.1	4	3.11	2.17	7.36	2.35	6.53	2.47	6.35	2.75	8.47	3.04	9.53	3.60
3825.7131N	00146.1702W	542.7	06/19/2025	09:01:38.15	2.1	4	2.64	2.18	6.49	2.39	5.70	2.49	5.48	2.71	7.82	2.94	8.90	3.50
3825.7127N	00146.1704W	542.5	06/19/2025	09:01:39.20	2.1	4	2.73	2.18	6.65	2.37	5.89	2.47	5.72	2.72	8.01	2.99	9.23	3.57
3825.7123N	00146.1708W	542.2	06/19/2025	09:01:40.10	2.1	4	2.86	2.18	6.88	2.36	6.09	2.47	5.90	2.73	8.30	3.00	9.37	3.54
3825.7118N	00146.1711W	541.9	06/19/2025	09:01:41.15	2.1	4	2.86	2.18	6.77	2.37	6.01	2.48	5.92	2.71	8.30	2.97	9.55	3.52
3825.7114N	00146.1714W	541.7	06/19/2025	09:01:42.20	2.1	4	2.94	2.17	7.06	2.36	6.31	2.46	6.11	2.71	8.58	2.99	9.84	3.54
3825.7110N	00146.1717W	541.4	06/19/2025	09:01:43.10	2.1	4	2.90	2.18	6.91	2.37	6.17	2.47	6.09	2.72	8.66	3.02	10.12	3.58
3825.7106N	00146.1719W	541.1	06/19/2025	09:01:44.15	2.1	4	3.04	2.17	7.12	2.36	6.45	2.47	6.41	2.74	9.09	3.07	10.52	3.64