Parcela ubicación X Y
1 abajo 615765,382 4255520,651
1 arriba 615820,023 4255538,046
1 centro 615791,890 4255526,633
2 abajo 615874,082 4255355,407
2 arriba 615881,384 4255424,621
2 centro 615877,518 4255380,380
3 abajo 615912,801 4255378,846
3 arriba 615904,394 4255434,193
3 centro 615917,034 4255408,545
4 abajo 616017,482 4255395,045
4 arriba 615954,158 4255446,097
4 centro 615983,672 4255420,142
5 abajo 616047,180 4255424,683
5 arriba 615974,591 4255466,653
5 centro 616019,138 4255437,691
6 abajo 616051,107 4255477,391
6 arriba 616004,903 4255505,188
6 centro 616025,213 4255482,423
7 abajo 616109,645 4255502,304
7 arriba 616039,203 4255546,851
7 centro 616076,817 4255535,132
8 abajo 616130,937 4255533,107
8 arriba 616060,127 4255609,132
8 centro 616092,526 4255574,771
9 abajo 616286,609 4255555,871
9 arriba 616256,543 4255632,695
9 centro 616296,427 4255588,638